4
22 240 141 57 
113 183 235 183 
2 181 20 191 
223 69 93 291 
13 76 170 250 
163 172 78 28 
132 34 119 12 
99 169 166 95 
78 225 19 155 
227 255 202 82 
12 150 127 290 
294 8 214 225 
152 121 294 208 
173 35 158 79 
239 68 54 51 
13 228 225 2 
222 189 77 294 
72 218 179 133 
7 218 198 269 
133 29 0 207 
58 24 149 152 
149 256 10 6 
246 1 131 294 
14 175 126 126 
281 244 286 257 
165 49 117 237 
137 143 18 233 
215 265 224 40 
230 266 99 198 
255 266 131 241 
248 267 227 168 
42 129 225 7 
200 188 137 202 
285 280 194 21 
174 158 273 183 
118 62 39 57 
44 296 59 58 
293 88 7 179 
43 208 78 100 
215 19 260 82 
262 76 197 248 
283 137 2 61 
259 48 60 113 
265 183 281 270 
293 113 131 267 
203 12 85 103 
182 276 133 36 
232 111 27 154 
79 190 214 198 
86 130 120 38 
212 23 164 123 
186 208 155 147 
266 167 280 51 
63 195 155 228 
177 195 137 24 
227 116 284 294 
126 31 260 229 
61 187 36 214 
149 135 135 275 
198 25 56 1 
147 239 78 5 
8 143 202 215 
168 95 181 1 
228 28 245 126 
285 138 259 53 
148 20 19 94 
23 199 76 25 
150 22 210 281 
193 276 68 51 
192 69 245 286 
136 119 136 114 
296 14 1 127 
171 137 239 32 
56 72 293 219 
243 192 205 54 
295 65 263 90 
164 0 194 11 
137 111 100 264 
210 21 193 253 
27 92 107 71 
287 105 60 99 
27 75 268 279 
135 60 5 88 
95 50 217 220 
290 161 17 205 
13 179 220 118 
233 147 291 156 
280 73 87 25 
63 215 152 36 
60 261 257 175 
209 2 72 186 
24 272 82 231 
82 259 175 46 
166 284 41 221 
205 1 257 153 
176 24 246 10 
108 151 238 42 
199 45 294 128 
36 197 180 5 
297 104 277 271 
190 122 59 90 
225 36 114 131 
273 226 202 233 
220 116 80 93 
140 25 123 161 
200 249 238 66 
126 176 85 128 
41 108 155 277 
99 214 160 257 
165 192 236 7 
64 211 233 39 
98 6 267 89 
114 160 22 19 
279 115 235 131 
87 172 237 186 
106 43 122 283 
9 207 287 189 
241 274 213 190 
28 161 113 41 
192 40 266 287 
227 112 94 51 
215 55 265 54 
154 231 37 160 
133 128 97 174 
108 46 247 194 
187 210 247 225 
201 13 244 13 
101 80 66 246 
267 5 16 296 
144 35 65 205 
45 184 242 27 
136 92 71 256 
267 147 6 164 
2 150 5 201 
36 224 276 2 
17 159 174 113 
271 193 158 205 
89 236 4 130 
29 290 161 192 
9 207 276 220 
209 189 153 196 
293 125 234 297 
204 21 199 279 
24 39 70 263 
82 129 156 55 
135 245 90 57 
195 161 247 44 
78 52 275 243 
186 237 158 136 
42 138 252 273 
224 62 25 284 
104 121 98 123 
137 7 24 202 
48 23 112 140 
139 178 245 19 
232 269 28 10 
293 139 52 134 
52 23 26 168 
293 163 77 93 
144 201 100 107 
174 145 126 39 
287 115 270 143 
158 50 206 294 
13 189 17 74 
202 236 164 230 
11 238 104 186 
53 192 235 272 
219 276 198 198 
289 145 128 109 
191 215 63 111 
59 138 164 293 
69 297 39 136 
33 17 86 200 
134 228 75 189 
177 265 40 184 
67 33 115 135 
166 144 169 231 
53 24 85 197 
271 181 18 300 
75 120 88 81 
57 166 171 280 
160 299 18 102 
208 243 85 5 
101 35 168 204 
153 238 62 1 
42 218 10 176 
123 61 21 65 
106 299 134 224 
169 245 122 179 
132 81 136 263 
56 77 168 240 
196 9 135 197 
119 281 33 283 
185 236 20 273 
66 210 70 254 
165 73 189 197 
82 224 27 241 
180 189 28 169 
288 292 186 240 
137 161 96 162 
34 161 72 242 
21 102 204 280 
247 300 191 137 
208 178 163 165 
120 297 195 9 
277 15 235 218 
121 263 299 60 
29 286 247 45 
203 140 189 261 
193 206 13 198 
99 11 238 26 
158 117 257 131 
118 127 159 71 
153 262 143 229 
26 84 65 100 
132 183 286 98 
142 213 151 118 
33 44 299 249 
12 152 41 146 
176 275 264 191 
216 98 209 204 
224 153 9 270 
274 197 278 128 
147 43 134 210 
135 255 55 37 
81 175 236 205 
154 11 234 205 
136 16 231 126 
247 227 89 35 
97 212 54 270 
118 63 100 253 
215 201 177 13 
252 138 208 108 
183 99 12 93 
268 55 252 81 
218 285 279 14 
103 92 62 215 
169 61 19 150 
162 299 233 16 
221 213 217 53 
222 194 286 293 
71 23 147 196 
12 188 171 28 
116 253 268 144 
275 8 113 25 
166 5 273 81 
53 245 136 100 
131 58 24 57 
232 254 90 215 
68 193 11 270 
236 96 78 14 
58 146 294 193 
39 242 10 17 
264 173 267 104 
2 23 217 28 
146 224 156 53 
104 159 223 43 
256 162 146 292 
192 82 203 186 
209 85 233 98 
14 91 144 4 
22 17 274 210 
164 182 263 80 
270 71 268 283 
209 275 165 126 
182 151 293 40 
268 286 124 208 
59 3 58 258 
250 73 84 65 
263 56 16 42 
290 115 270 298 
149 96 119 237 
126 152 158 149 
25 29 28 93 
223 63 67 281 
206 172 128 286 
48 7 208 174 
126 41 2 78 
11 73 295 193 
168 125 255 79 
156 123 60 98 
228 95 264 103 
286 169 39 30 
69 282 174 232 
64 66 270 56 
225 227 66 171 
252 4 129 243 
227 290 126 64 
225 188 288 238 
84 277 203 10 
128 107 101 71 
151 20 259 56 
76 29 93 249 
119 147 146 150 
165 108 71 146 
62 278 92 179 
231 1 167 33 
165 35 256 222 
225 151 157 185 
224 249 27 230 
11 259 201 26 
173 201 36 108 
128 49 49 179 
234 282 25 53 
29 227 264 58 
136 227 139 24 
228 157 18 44 
226 175 21 274 
274 293 171 192 
20 214 47 143 
58 76 163 241 
247 283 149 25 
104 263 41 44 
246 50 44 53 
72 10 245 181 
28 161 47 125 
2 201 18 294 
202 151 43 5 
92 106 232 5 
188 202 2 19 
269 190 119 39 
91 42 172 214 
27 110 43 60 
137 157 220 30 
128 253 78 23 
152 48 69 158 
179 157 29 222 
84 82 266 108 
140 221 239 227 
253 179 85 299 
216 100 45 193 
162 264 266 288 
179 55 207 289 
0 198 43 8 
174 216 50 89 
2 285 198 232 
85 24 268 154 
294 292 213 149 
7 179 51 265 
289 231 56 286 
150 22 247 108 
180 45 101 32 
260 25 202 86 
132 131 73 14 
201 125 261 252 
265 24 153 37 
277 141 169 260 
67 167 257 128 
271 56 283 275 
179 0 128 275 
255 84 277 212 
213 190 32 49 
136 160 121 164 
235 118 267 84 
243 112 110 176 
223 94 161 149 
251 282 31 273 
116 61 2 150 
45 25 133 124 
255 87 39 53 
141 103 227 125 
266 257 296 44 
189 298 16 135 
139 104 154 284 
52 172 278 298 
151 271 161 65 
241 284 12 119 
132 48 62 199 
234 143 226 145 
95 32 85 106 
76 70 297 171 
202 176 31 91 
6 210 53 107 
58 22 152 119 
267 75 142 97 
6 300 51 22 
142 185 123 185 
52 169 236 34 
284 163 26 218 
182 185 175 0 
205 284 55 210 
73 177 28 142 
255 205 87 185 
240 131 268 185 
60 74 287 88 
150 62 240 218 
294 127 158 45 
204 297 182 214 
0 105 90 119 
280 65 128 251 
45 61 139 277 
225 163 3 28 
119 10 203 204 
176 280 270 100 
75 252 139 46 
297 47 40 274 
291 141 297 29 
295 189 150 16 
51 15 92 283 
82 168 217 186 
254 138 82 121 
234 59 149 173 
223 57 14 23 
62 218 100 29 
290 21 149 209 
55 93 36 279 
274 51 95 188 
144 16 176 151 
180 130 79 115 
163 217 5 3 
277 229 136 95 
92 150 5 162 
286 220 289 269 
111 157 91 156 
69 75 84 26 
168 274 107 133 
48 0 13 183 
227 36 64 287 
216 196 270 13 
28 84 96 46 
203 242 293 36 
257 195 97 154 
47 35 118 119 
65 288 64 50 
50 222 5 298 
292 155 242 26 
23 21 250 280 
21 161 18 243 
196 194 170 3 
93 61 188 203 
266 26 18 146 
93 286 161 17 
221 296 92 284 
190 216 47 268 
222 200 97 178 
296 188 156 300 
264 240 80 49 
44 6 299 258 
133 8 220 184 
175 47 210 142 
128 56 52 230 
79 53 58 72 
300 115 195 221 
150 137 137 3 
28 285 20 76 
92 152 183 227 
228 218 160 31 
26 247 102 280 
295 127 22 22 
296 246 247 46 
3 288 197 187 
60 146 57 127 
99 280 181 91 
166 97 226 273 
273 151 140 106 
265 174 234 155 
262 153 253 83 
137 212 283 229 
159 144 235 285 
183 107 5 62 
178 156 259 173 
24 282 21 109 
33 159 71 196 
149 193 59 143 
21 95 245 255 
7 229 231 233 
96 120 78 251 
2 286 296 103 
66 289 187 196 
9 233 23 26 
179 53 296 100 
24 126 85 110 
52 169 229 84 
172 203 51 55 
237 287 133 86 
191 235 74 251 
10 219 142 70 
179 190 219 24 
289 3 39 180 
90 117 136 285 
296 118 19 131 
106 105 298 0 
235 100 202 23 
230 296 90 246 
170 71 175 77 
64 293 195 204 
239 44 242 204 
54 190 9 52 
77 196 252 11 
106 117 28 186 
262 228 106 67 
255 69 285 62 
130 20 241 60 
286 192 24 46 
245 184 29 205 
109 182 204 164 
120 155 35 210 
236 32 223 104 
209 184 133 172 
29 232 180 270 
269 107 23 130 
125 199 9 188 
169 185 2 163 
53 26 182 248 
40 54 219 43 
83 57 37 273 
276 237 28 208 
283 8 148 7 
155 246 55 212 
75 1 293 52 
105 293 193 19 
146 293 262 299 
88 251 205 260 
199 155 157 128 
187 19 142 132 
35 103 66 218 
10 164 238 173 
228 186 168 295 
225 62 220 53 
235 145 62 44 
147 270 263 55 
53 226 263 14 
135 116 153 34 
177 232 291 120 
87 204 16 159 
257 141 152 232 
230 244 282 71 
42 300 245 111 
87 198 294 259 
96 236 45 43 
51 99 300 235 
18 61 21 50 
172 179 111 120 
120 242 120 102 
148 4 123 206 
128 298 121 268 
46 192 300 35 
271 218 90 165 
25 125 189 127 
110 82 192 195 
147 83 152 40 
235 235 236 166 
286 212 166 205 
190 231 219 179 
0 259 13 140 
42 210 125 235 
284 185 151 93 
27 184 169 263 
167 225 106 115 
156 6 272 282 
182 215 116 180 
240 93 232 246 
107 96 153 143 
209 297 97 213 
152 60 286 98 
241 232 248 194 
126 197 28 176 
89 58 30 193 
93 56 284 229 
113 149 26 221 
25 9 30 171 
50 286 164 267 
6 89 101 127 
19 114 267 298 
26 46 95 266 
195 249 67 11 
115 299 2 288 
273 48 198 248 
297 280 258 298 
212 227 164 95 
114 123 100 132 
145 30 249 40 
183 100 253 157 
150 72 53 63 
97 75 184 160 
121 198 141 190 
88 230 161 16 
210 65 87 127 
206 284 99 41 
92 99 36 111 
294 106 244 72 
170 99 177 157 
216 240 287 119 
239 117 160 50 
75 288 246 163 
247 158 287 5 
160 192 58 128 
298 105 32 42 
270 0 77 134 
285 73 97 83 
204 195 153 252 
32 55 116 47 
224 204 275 2 
84 185 10 89 
220 17 67 255 
250 293 38 236 
211 239 115 9 
188 267 11 8 
293 270 158 110 
196 54 230 50 
203 143 217 254 
15 49 172 15 
277 15 6 207 
121 164 228 213 
20 8 76 218 
83 117 128 182 
257 60 89 123 
237 32 239 176 
81 271 178 119 
81 208 284 143 
93 81 254 14 
259 250 230 68 
254 104 113 27 
237 8 220 55 
270 10 245 2 
108 271 115 23 
151 150 137 31 
2 157 235 224 
205 89 239 228 
69 110 100 204 
198 181 63 273 
207 264 289 3 
95 136 239 38 
81 80 126 216 
213 276 4 258 
168 111 167 216 
139 195 56 210 
79 83 67 211 
101 111 155 37 
205 73 119 162 
174 225 111 279 
88 190 235 42 
205 292 189 53 
49 24 84 277 
225 24 212 296 
2 138 183 146 
177 215 231 192 
68 298 214 266 
197 284 24 103 
129 157 30 230 
266 191 251 83 
226 190 282 246 
186 297 193 106 
10 19 201 123 
207 161 130 93 
107 193 272 15 
263 274 200 286 
53 126 298 54 
228 119 45 147 
156 207 168 243 
48 246 120 47 
170 94 25 148 
297 154 270 242 
143 190 263 179 
47 201 87 278 
25 252 120 299 
44 93 220 131 
146 256 40 61 
150 242 259 138 
233 29 79 266 
299 153 183 88 
283 183 262 157 
39 175 193 173 
153 8 191 116 
165 181 180 180 
13 69 25 149 
68 95 169 114 
20 157 135 56 
278 297 98 101 
4 75 143 23 
124 270 297 53 
33 109 141 117 
240 130 46 95 
246 282 243 93 
254 134 114 206 
162 97 54 270 
58 274 278 293 
195 63 25 140 
223 199 95 170 
116 7 244 190 
35 21 42 19 
4 13 182 64 
167 198 133 172 
39 227 165 66 
156 119 190 289 
215 169 296 247 
166 176 105 233 
3 117 249 259 
38 14 24 118 
268 105 175 21 
174 209 22 270 
207 123 82 217 
220 107 126 139 
12 192 69 89 
13 265 252 276 
194 169 200 69 
20 300 299 252 
224 109 97 87 
120 132 256 172 
232 155 98 207 
0 251 154 17 
18 6 177 15 
65 38 113 292 
287 215 192 30 
144 257 89 29 
88 157 167 51 
184 30 158 39 
267 175 221 13 
266 190 160 227 
189 273 263 83 
15 185 138 50 
55 68 56 50 
29 221 14 141 
159 269 99 261 
67 260 51 227 
248 194 82 139 
163 161 245 93 
231 93 145 64 
290 131 29 226 
216 51 232 268 
168 53 104 166 
243 148 89 49 
181 260 154 188 
146 9 57 289 
157 188 261 186 
195 130 68 262 
92 193 231 233 
47 135 269 104 
155 200 216 156 
16 286 24 51 
248 69 11 245 
47 279 162 142 
190 10 215 106 
27 21 33 15 
138 151 75 244 
134 280 96 50 
19 29 101 178 
6 167 262 219 
270 26 62 201 
88 47 195 53 
1 235 167 280 
61 112 142 10 
40 21 71 262 
242 30 234 184 
270 52 131 134 
106 88 190 18 
192 276 88 33 
105 28 287 225 
183 90 129 40 
188 60 184 185 
168 186 35 261 
161 293 55 180 
210 124 51 216 
16 5 235 262 
57 88 112 36 
138 230 135 227 
55 272 266 121 
169 129 171 38 
42 197 71 96 
277 110 141 63 
263 241 37 234 
155 74 137 165 
182 214 292 25 
150 131 139 136 
16 247 206 146 
82 235 14 74 
38 300 62 269 
209 266 106 204 
31 117 136 126 
268 236 284 156 
216 9 73 195 
147 63 202 227 
231 58 74 235 
261 87 20 75 
201 199 53 253 
112 174 49 35 
182 211 213 138 
126 277 63 227 
168 237 81 288 
81 0 40 269 
226 47 196 235 
93 50 86 234 
261 39 180 147 
273 23 191 233 
12 237 234 97 
274 115 184 95 
105 2 263 110 
151 86 261 145 
146 109 76 283 
109 7 267 239 
97 266 278 128 
55 12 36 244 
239 196 263 179 
92 219 223 138 
55 131 150 90 
216 124 75 86 
131 298 49 217 
182 265 111 182 
97 260 281 132 
29 188 289 277 
151 130 41 256 
140 263 264 62 
297 256 108 136 
253 239 229 255 
72 196 47 11 
275 156 66 110 
186 300 215 66 
41 82 178 263 
15 76 154 280 
256 10 204 59 
90 154 172 187 
84 92 41 247 
45 187 235 258 
101 31 90 280 
47 272 296 109 
266 211 77 240 
203 10 95 197 
87 291 143 200 
115 208 298 163 
206 289 72 127 
10 13 132 165 
297 105 49 137 
155 42 11 248 
196 210 234 178 
84 228 32 161 
253 101 234 83 
125 278 198 47 
32 47 35 3 
141 224 218 99 
64 228 28 5 
233 207 125 18 
238 95 95 171 
63 186 292 118 
275 162 57 253 
243 52 187 48 
30 191 248 123 
68 115 265 8 
206 93 66 187 
22 216 142 2 
200 152 71 51 
52 39 236 188 
234 76 30 165 
127 101 275 83 
79 133 233 253 
274 99 209 149 
222 238 72 283 
184 28 131 104 
268 14 127 207 
82 249 256 22 
3 210 22 102 
262 8 62 266 
189 190 213 196 
185 213 35 244 
33 44 141 20 
108 283 127 212 
153 70 222 178 
28 108 273 148 
236 102 2 289 
143 105 285 106 
130 76 231 125 
142 169 124 104 
250 176 149 249 
136 83 268 11 
237 278 162 271 
57 285 256 211 
272 250 292 21 
254 136 231 281 
47 68 234 221 
220 112 51 67 
196 175 132 53 
230 272 174 85 
12 39 92 191 
257 154 268 28 
86 224 94 29 
264 28 259 156 
177 276 1 125 
291 201 262 258 
3 122 19 177 
166 232 119 25 
149 214 275 36 
2 0 101 36 
94 3 260 233 
50 130 172 282 
229 244 158 31 
58 109 124 87 
283 83 200 297 
116 20 2 288 
243 80 275 196 
155 165 147 263 
297 115 155 282 
196 2 272 266 
297 243 177 49 
100 198 108 89 
117 215 165 176 
281 131 108 102 
187 261 176 254 
137 258 209 206 
41 231 73 153 
102 90 40 52 
168 200 113 91 
20 38 5 163 
155 262 99 90 
184 296 141 144 
231 104 137 226 
30 286 88 173 
226 292 229 108 
275 5 180 151 
192 197 180 75 
170 28 53 228 
300 277 161 37 
87 105 250 260 
221 299 13 296 
241 231 58 88 
233 232 69 274 
139 93 123 214 
252 105 184 15 
215 81 120 271 
246 76 266 36 
24 143 149 218 
241 105 29 217 
168 75 26 54 
2 62 223 89 
79 164 33 174 
274 87 151 128 
176 129 128 236 
282 210 138 149 
81 276 287 192 
144 115 82 57 
109 95 234 12 
38 104 234 96 
14 202 64 219 
189 38 72 287 
291 53 180 248 
278 1 252 109 
126 96 257 289 
169 20 104 246 
19 84 204 217 
19 289 243 262 
202 215 203 7 
92 238 24 234 
182 161 214 170 
144 258 63 6 
166 142 8 42 
59 269 294 117 
187 2 200 168 
67 266 121 244 
227 61 237 141 
119 165 263 134 
27 116 141 162 
123 53 163 142 
67 107 239 10 
63 230 65 290 
265 223 219 241 
98 66 31 86 
195 234 213 282 
147 177 8 298 
54 134 248 21 
80 161 162 250 
259 186 103 222 
19 104 64 6 
222 193 195 145 
276 258 297 199 
102 230 248 203 
216 204 154 83 
4 37 73 243 
95 10 12 50 
198 163 48 275 
278 189 107 89 
178 178 131 149 
200 153 82 64 
131 67 112 30 
13 242 274 54 
267 91 20 263 
171 225 195 202 
198 163 0 148 
194 88 4 186 
79 16 221 277 
214 135 79 148 
223 160 187 266 
34 134 160 113 
185 3 82 163 
288 79 137 250 
151 265 277 264 
197 285 186 170 
209 206 180 260 
50 244 219 250 
229 156 193 48 
225 156 128 67 
163 14 152 205 
61 155 284 233 
116 39 161 135 
121 45 176 134 
181 18 258 90 
108 130 210 2 
167 80 111 106 
166 153 55 176 
100 243 232 223 
41 167 142 194 
136 228 78 219 
173 212 260 108 
86 212 209 119 
100 44 29 230 
65 242 218 179 
28 6 239 41 
103 154 213 55 
191 159 290 297 
63 37 79 91 
87 276 174 200 
68 13 40 192 
95 79 106 145 
199 69 248 92 
260 250 118 181 
129 40 86 278 
238 187 69 114 
171 9 237 89 
256 163 108 229 
172 224 218 257 
183 164 6 195 
60 154 169 251 
177 74 179 73 
180 59 142 4 
205 23 81 259 
8 27 4 106 
49 41 61 143 
195 96 220 9 
262 25 242 13 
34 80 211 286 
42 228 140 231 
51 273 86 77 
155 171 202 282 
58 67 298 234 
25 16 53 263 
252 268 253 134 
54 170 166 163 
81 280 188 286 
257 100 297 200 
105 41 105 201 
276 146 160 214 
133 273 149 135 
47 122 210 32 
100 177 290 298 
257 148 24 181 
143 235 215 90 
5 98 118 214 
213 74 262 186 
104 82 299 141 
49 243 205 248 
39 184 196 251 
217 238 241 206 
179 230 107 250 
262 141 140 145 
28 187 207 182 
51 98 255 190 
143 175 289 250 
26 128 229 230 
127 68 45 69 
168 260 91 18 
25 240 275 48 
300 124 13 232 
276 81 160 109 
40 51 139 176 
260 229 51 10 
40 44 47 107 
49 104 112 134 
213 76 217 143 
83 243 32 98 
80 247 101 174 
250 278 27 50 
191 215 211 77 
251 99 80 162 
83 226 240 148 
267 34 238 56 
257 244 115 73 
67 45 14 66 
181 5 37 193 
85 209 293 35 
171 0 287 69 
258 135 129 118 
146 71 205 259 
257 57 7 216 
6 218 297 228 
51 10 43 201 
211 110 208 107 
253 32 80 19 
250 87 128 16 
292 106 123 42 
81 268 264 298 
285 220 246 282 
238 139 158 253 
113 236 89 211 
286 116 77 269 
148 138 10 5 
279 137 288 139 
260 60 9 153 
299 101 110 283 
279 83 189 280 
167 197 190 287 
260 178 115 190 
78 197 46 275 
281 55 260 189 
64 223 101 62 
109 128 99 166 
111 19 19 278 
158 91 138 252 
180 158 20 181 
241 12 217 280 
60 193 28 205 
94 30 40 189 
276 83 156 277 
32 130 116 293 
10 283 133 109 
135 255 47 263 
128 51 212 9 
251 17 155 254 
180 121 246 211 
171 128 209 106 
243 195 47 172 
65 132 214 237 
180 91 233 31 
116 208 143 125 
46 257 234 173 
170 114 89 256 
177 237 208 66 
84 228 34 90 
84 45 271 61 
12 9 296 52 
289 287 294 226 
56 10 189 8 
106 249 73 180 
79 193 134 246 
179 68 21 68 
57 144 133 41 
27 140 154 94 
151 230 292 186 
201 72 230 205 
222 260 269 96 
137 104 207 196 
62 248 160 207 
71 281 207 278 
147 148 69 72 
39 194 126 122 
194 240 248 99 
97 142 100 180 
168 70 115 246 
142 14 133 21 
82 44 18 37 
205 118 289 150 
230 40 170 108 
47 29 170 8 
162 250 100 224 
165 246 276 119 
38 0 159 254 
40 211 211 46 
168 56 238 201 
103 300 46 148 
169 283 243 175 
153 47 242 259 
236 18 8 122 
244 74 236 185 
274 8 117 175 
279 120 169 85 
45 216 240 7 
3 27 207 252 
191 89 43 288 
125 87 18 99 
50 205 229 60 
225 82 273 66 
293 85 135 103 
289 198 42 111 
277 228 35 187 
2 125 22 10 
81 30 247 91 
114 5 135 294 
140 160 240 265 
274 34 133 150 
16 21 161 26 
95 274 145 22 
63 30 146 126 
215 47 220 122 
27 126 189 269 
244 22 135 206 
49 246 149 37 
75 188 245 68 
228 269 283 73 
201 19 221 246 
100 112 141 52 
64 236 52 143 
66 55 126 262 
189 238 137 67 
192 233 181 297 
172 152 228 217 
76 116 0 50 
274 92 171 124 
280 221 211 139 
108 233 265 12 
43 19 5 237 
273 201 110 159 
96 38 50 6 
191 47 84 245 
107 230 135 191 
117 188 214 281 
44 197 5 24 
13 101 187 283 
116 236 288 43 
253 93 139 163 
41 245 175 42 
155 177 250 62 
175 2 145 27 
157 204 209 169 
145 230 83 173 
1 124 208 242 
151 13 41 261 
107 232 80 100 
53 41 248 101 
182 56 210 105 
229 278 128 199 
222 80 61 100 
247 86 247 87 
92 148 285 39 
211 38 28 85 
216 23 247 150 
13 206 262 29 
66 227 190 189 
292 30 55 130 
239 30 43 172 
268 42 272 78 
202 55 114 80 
274 88 46 230 
298 270 187 29 
278 256 73 285 
139 7 230 130 
60 196 170 274 
90 300 213 111 
223 152 291 291 
28 263 16 293 
123 252 279 140 
151 244 32 254 
206 149 223 162 
228 104 288 282 
183 188 157 67 
230 12 278 36 
129 10 52 247 
70 70 160 279 
128 193 68 170 
277 100 255 77 
26 5 69 189 
260 284 64 30 
130 200 42 72 
249 84 114 121 
2 155 45 112 
177 182 253 75 
183 144 53 288 
93 122 218 87 
296 8 70 173 
236 240 61 281 
28 13 118 99 
77 40 165 7 
29 82 298 88 
40 240 23 33 
284 236 50 31 
137 68 88 64 
174 297 137 242 
278 233 180 13 
176 233 45 4 
139 70 71 225 
279 66 122 79 
180 294 160 93 
190 134 125 48 
200 265 27 27 
141 31 29 11 
72 17 268 2 
185 168 14 115 
186 179 164 114 
262 185 57 116 
230 116 262 203 
267 238 154 37 
83 164 219 140 
154 20 259 52 
186 108 18 137 
90 51 216 57 
287 88 136 81 
27 52 22 99 
61 188 177 267 
13 295 198 94 
222 105 223 234 
289 224 238 121 
234 146 90 29 
225 203 231 66 
28 131 282 98 
221 291 29 97 
90 58 62 283 
212 19 154 189 
181 292 24 84 
135 295 215 18 
161 36 110 268 
191 268 217 182 
201 8 286 180 
296 178 257 87 
159 214 154 134 
285 127 271 98 
148 97 161 29 
54 241 255 179 
192 72 115 226 
200 92 65 100 
106 50 70 93 
46 241 159 107 
118 161 71 242 
263 44 232 98 
196 81 159 186 
211 299 137 175 
300 152 146 51 
122 257 133 60 
204 88 96 12 
194 74 181 97 
24 201 290 201 
29 91 40 218 
138 270 232 75 
86 122 92 264 
94 42 181 52 
210 21 223 79 
113 280 166 285 
229 148 273 69 
300 152 23 98 
5 116 289 193 
103 142 0 251 
79 153 0 268 
299 56 188 9 
170 231 262 102 
169 194 208 255 
211 155 243 229 
14 163 2 279 
56 223 250 86 
119 75 50 33 
40 34 13 10 
236 297 143 170 
294 154 202 227 
31 23 180 191 
231 55 170 139 
91 47 95 287 
192 152 86 74 
77 204 228 199 
93 33 126 187 
90 110 254 160 
280 213 255 259 
166 213 152 174 
270 262 128 287 
237 232 185 62 
206 181 62 50 
187 237 217 63 
194 224 122 215 
282 32 252 180 
41 131 48 2 
144 278 251 156 
46 152 39 300 
178 104 270 10 
201 151 70 68 
13 29 182 160 
23 223 24 93 
189 252 66 186 
127 53 287 139 
154 140 6 238 
112 129 214 169 
157 63 222 233 
283 231 209 152 
15 103 123 247 
69 262 168 148 
125 43 37 248 
5 89 31 44 
191 45 67 298 
43 23 289 274 
205 172 96 86 
116 227 199 190 
56 201 159 31 
187 41 95 131 
47 105 228 93 
201 72 219 2 
264 177 190 23 
21 286 154 214 
94 120 103 91 
3 199 28 33 
297 90 12 107 
226 210 128 158 
25 285 131 75 
245 59 25 208 
84 203 60 140 
282 166 244 106 
111 240 214 181 
60 156 273 232 
234 169 281 214 
205 141 46 161 
154 157 175 53 
128 294 135 259 
50 256 155 27 
80 298 122 12 
62 122 286 41 
18 108 54 206 
288 254 17 245 
193 44 51 108 
77 212 74 40 
132 209 77 211 
277 229 284 87 
81 39 172 133 
68 72 79 101 
291 47 121 99 
174 46 85 53 
163 293 70 259 
64 245 281 120 
72 290 254 67 
198 235 284 13 
80 48 58 240 
159 277 156 269 
31 45 62 186 
130 269 30 300 
185 133 221 182 
153 22 28 49 
230 271 75 159 
109 252 181 157 
68 275 6 243 
118 152 172 161 
170 293 286 107 
108 204 155 270 
95 270 6 264 
220 256 55 70 
200 156 121 77 
183 114 161 176 
202 132 162 146 
33 300 246 167 
174 100 31 181 
153 231 35 128 
130 208 275 57 
150 163 16 105 
207 67 112 259 
76 264 210 283 
294 173 175 298 
158 167 95 197 
101 213 25 239 
263 211 121 194 
5 276 107 2 
149 145 122 268 
151 22 276 14 
165 69 105 161 
255 180 48 204 
194 36 135 175 
253 235 120 227 
249 73 277 231 
80 69 32 208 
186 279 288 93 
164 96 40 250 
280 72 193 94 
138 289 50 73 
258 111 203 204 
291 252 81 293 
109 299 219 192 
99 193 268 289 
59 181 0 184 
242 212 246 106 
157 290 44 77 
272 99 44 227 
178 292 285 170 
27 244 75 164 
229 100 240 21 
156 146 49 46 
100 8 50 6 
53 191 205 202 
7 99 199 218 
227 199 101 237 
129 284 105 218 
63 77 284 82 
69 71 226 99 
145 235 191 218 
225 73 151 278 
216 206 59 213 
8 236 265 150 
245 15 67 232 
178 44 12 163 
136 266 86 217 
42 251 170 208 
11 159 163 2 
240 275 264 279 
46 11 158 159 
194 36 295 144 
85 138 130 47 
5 240 271 95 
215 220 100 4 
251 185 154 71 
23 283 21 12 
64 119 10 41 
85 38 104 278 
132 131 60 267 
73 264 220 73 
162 188 121 267 
110 231 115 22 
290 51 262 229 
112 165 281 143 
59 102 160 208 
266 239 11 66 
219 166 49 163 
48 214 139 150 
262 244 137 193 
35 72 294 241 
112 150 196 77 
296 67 152 19 
279 33 291 136 
274 247 108 205 
296 238 113 262 
32 69 263 17 
76 128 103 22 
96 137 193 87 
288 162 120 188 
105 32 34 51 
85 270 11 259 
226 81 102 12 
101 276 83 232 
100 242 256 171 
182 215 104 112 
251 268 141 264 
102 7 142 99 
15 95 103 144 
132 300 148 71 
94 75 4 112 
292 173 186 208 
271 225 176 127 
102 149 117 140 
20 120 58 209 
167 256 236 281 
90 172 154 86 
158 65 174 122 
90 168 241 74 
25 281 5 170 
263 285 270 136 
33 287 134 274 
141 167 256 294 
238 46 60 31 
105 282 297 126 
241 161 58 14 
49 105 185 105 
9 255 25 2 
228 201 109 154 
269 107 255 41 
31 24 34 39 
262 96 47 137 
162 214 159 22 
230 174 213 183 
36 242 117 178 
275 224 110 6 
252 298 215 91 
14 236 242 256 
110 65 176 55 
182 293 290 2 
33 193 63 269 
25 40 219 79 
207 262 267 138 
257 267 2 52 
252 75 70 224 
124 121 208 270 
210 268 172 89 
147 129 12 215 
1 37 213 240 
253 101 102 79 
213 215 133 278 
126 47 192 73 
261 148 127 9 
116 251 43 34 
50 228 209 246 
169 183 180 207 
224 267 185 212 
38 64 294 162 
291 122 53 13 
258 184 123 156 
227 150 298 1 
42 186 37 230 
258 63 152 87 
129 25 290 102 
120 239 259 116 
202 76 6 133 
206 163 234 280 
129 188 14 257 
152 241 75 29 
46 225 138 167 
252 200 44 164 
23 266 116 279 
258 260 193 21 
156 124 206 293 
250 179 285 138 
204 254 221 68 
215 199 44 274 
77 94 287 204 
159 220 104 13 
287 273 55 81 
260 39 59 240 
135 293 121 172 
205 176 157 29 
241 131 101 280 
3 126 13 143 
116 149 266 56 
300 17 67 169 
83 105 52 176 
163 5 249 221 
268 246 159 39 
251 203 121 268 
154 273 111 213 
72 284 76 154 
275 170 274 6 
288 142 182 50 
113 221 139 233 
232 268 291 148 
46 217 284 27 
297 200 261 217 
261 173 279 258 
115 1 77 285 
14 207 23 32 
63 132 111 218 
162 289 9 100 
167 290 76 195 
6 86 262 261 
51 236 255 12 
126 60 240 289 
293 52 49 69 
33 81 103 58 
244 5 278 2 
126 87 59 79 
226 100 271 85 
184 66 172 62 
156 63 230 20 
18 186 275 82 
18 215 223 220 
89 248 157 73 
56 36 206 143 
266 109 293 100 
107 293 206 110 
217 37 144 281 
175 105 131 111 
73 265 179 271 
259 170 0 50 
102 226 50 250 
219 62 201 254 
28 118 106 171 
241 218 8 206 
24 12 113 107 
163 173 5 213 
228 221 186 297 
25 245 169 178 
22 107 45 73 
109 105 216 262 
277 49 41 104 
249 131 45 11 
188 262 76 208 
272 226 242 75 
290 126 40 220 
266 263 27 159 
102 241 72 140 
68 47 178 63 
263 60 272 245 
213 49 57 261 
34 115 270 262 
45 2 50 0 
51 298 166 155 
249 266 227 278 
257 99 201 112 
154 188 113 172 
219 236 66 192 
99 179 145 108 
88 130 246 162 
225 296 15 156 
186 189 190 239 
165 136 274 43 
192 57 49 230 
40 79 266 150 
21 37 94 277 
284 252 93 43 
261 170 67 89 
22 136 275 298 
19 291 54 254 
207 127 165 204 
113 43 264 32 
265 55 154 72 
54 38 184 188 
295 118 136 78 
87 13 246 89 
109 46 2 97 
181 168 9 269 
1 293 231 113 
184 89 268 80 
268 10 139 283 
108 261 22 34 
92 117 123 114 
68 129 204 41 
251 37 152 53 
216 229 95 91 
18 80 288 93 
232 235 82 258 
245 9 136 188 
210 83 123 11 
133 239 89 18 
267 5 67 291 
166 137 269 268 
195 248 133 233 
262 280 239 260 
161 278 199 289 
170 281 1 135 
120 175 12 42 
116 247 253 50 
270 18 30 92 
39 210 234 54 
267 185 205 193 
30 243 249 181 
228 250 233 257 
210 258 112 243 
65 150 290 201 
93 236 15 209 
276 226 62 139 
190 72 300 142 
23 205 249 131 
190 177 97 122 
222 93 108 100 
101 121 34 121 
221 107 117 79 
57 110 5 53 
111 25 275 245 
285 82 241 292 
289 285 269 43 
26 201 263 33 
123 28 205 179 
56 90 136 145 
196 221 92 178 
294 184 137 117 
269 1 218 212 
278 198 263 81 
143 105 32 182 
121 197 141 54 
208 287 97 207 
211 57 209 103 
283 93 158 263 
180 143 291 95 
139 215 131 231 
75 155 116 134 
297 255 91 179 
171 54 250 173 
76 22 116 172 
287 271 264 188 
27 21 273 158 
105 113 29 169 
124 120 290 16 
268 261 214 75 
1 142 269 240 
292 163 188 137 
17 0 172 146 
233 258 203 160 
77 168 237 239 
273 124 261 138 
252 29 86 184 
142 80 24 94 
74 229 205 225 
276 146 148 74 
251 211 23 52 
18 129 31 201 
151 210 244 26 
183 70 61 2 
15 52 172 120 
272 86 82 179 
198 92 115 151 
127 217 113 269 
131 257 63 49 
2 38 292 53 
176 79 230 219 
4 85 48 134 
251 162 192 54 
300 216 287 26 
154 283 223 181 
116 38 267 188 
13 214 58 63 
250 300 172 66 
159 39 273 186 
298 47 63 97 
60 292 293 253 
194 104 3 209 
142 218 298 176 
141 268 40 107 
250 269 16 58 
32 12 161 39 
273 71 5 63 
61 169 127 212 
22 229 176 165 
55 91 241 112 
122 13 220 158 
206 21 96 64 
15 110 0 254 
158 225 247 34 
172 112 44 240 
17 167 199 114 
76 9 187 177 
171 139 34 227 
277 138 86 159 
257 17 277 31 
178 25 291 145 
216 116 38 223 
96 205 226 111 
100 114 151 164 
29 278 204 223 
93 8 280 102 
22 84 27 157 
146 129 43 175 
174 6 292 146 
224 136 74 48 
6 124 119 220 
73 274 262 53 
47 149 279 88 
149 188 30 143 
17 279 88 43 
216 104 32 95 
104 142 239 48 
269 153 195 137 
288 257 147 133 
201 62 26 237 
71 93 250 133 
85 297 40 84 
161 37 37 164 
276 129 79 230 
222 89 149 239 
260 13 279 27 
3 137 200 218 
86 264 225 90 
124 249 167 180 
256 297 137 120 
199 265 244 181 
228 267 290 103 
182 206 32 246 
106 24 270 185 
1 270 241 54 
266 271 17 196 
83 118 97 90 
145 246 63 68 
205 210 188 206 
112 280 49 26 
207 208 40 298 
22 28 204 165 
186 68 24 159 
42 258 98 6 
29 118 165 225 
21 274 154 200 
94 248 242 219 
194 296 286 254 
189 280 188 17 
251 149 236 243 
17 228 157 241 
183 134 147 187 
7 268 233 50 
168 154 294 39 
112 68 257 202 
89 144 134 157 
125 206 169 32 
163 27 40 299 
192 130 125 239 
243 70 21 245 
81 217 232 294 
134 165 207 195 
269 105 89 150 
243 21 180 49 
104 104 28 68 
131 212 127 244 
157 200 240 59 
194 166 128 253 
107 46 134 193 
9 149 226 167 
126 290 38 89 
130 136 223 254 
1 100 209 1 
94 9 12 103 
51 96 224 267 
231 118 79 123 
150 98 273 72 
241 264 182 118 
31 99 282 190 
41 186 242 42 
289 232 219 210 
271 130 127 167 
73 93 191 204 
105 118 205 217 
110 44 199 56 
179 75 141 195 
209 264 101 248 
170 212 204 281 
4 206 234 198 
271 255 34 101 
138 117 125 251 
247 155 187 193 
129 201 42 291 
192 49 222 41 
50 241 187 206 
180 166 143 103 
233 188 158 266 
22 118 15 102 
55 300 1 245 
75 156 242 96 
255 71 84 135 
9 58 300 115 
215 161 121 156 
68 101 221 104 
60 134 132 26 
136 256 21 221 
217 30 284 25 
118 142 33 91 
106 144 277 273 
96 88 197 212 
294 123 94 278 
113 243 97 132 
12 21 194 5 
159 221 60 224 
64 228 23 43 
7 121 76 97 
208 135 76 46 
168 170 7 174 
102 298 214 135 
98 226 71 14 
263 93 116 197 
216 12 248 200 
115 232 231 240 
50 267 252 270 
141 28 96 225 
255 28 50 41 
196 110 96 225 
216 55 53 139 
212 254 13 142 
133 252 75 231 
215 206 180 19 
164 7 236 148 
125 118 234 261 
281 208 202 23 
188 46 67 288 
120 72 225 299 
33 279 17 47 
166 281 114 119 
63 107 113 134 
172 206 276 71 
125 257 84 7 
170 180 178 219 
72 65 63 149 
85 223 36 194 
14 134 238 136 
181 128 215 252 
214 268 28 257 
35 193 216 221 
276 91 192 259 
19 130 89 194 
195 134 203 259 
109 117 12 64 
205 224 240 49 
98 261 168 14 
213 110 175 238 
175 250 155 199 
198 278 116 116 
100 289 49 299 
145 149 261 220 
190 4 169 42 
122 69 201 46 
128 236 285 190 
267 116 27 74 
14 142 136 221 
78 90 198 288 
78 102 87 237 
270 252 37 183 
18 298 84 162 
81 195 231 112 
218 25 79 100 
252 290 145 30 
238 56 230 258 
209 127 291 129 
208 106 205 246 
244 14 79 268 
68 27 11 224 
57 130 80 165 
253 266 131 129 
184 189 258 11 
10 263 195 62 
33 169 96 110 
110 243 128 173 
0 100 284 191 
124 107 5 160 
213 151 21 87 
183 148 193 6 
96 224 190 257 
204 95 268 205 
171 113 108 1 
245 103 100 89 
40 286 103 212 
189 0 21 115 
159 129 272 51 
24 200 124 84 
39 91 85 300 
161 17 172 109 
131 299 195 133 
186 129 257 86 
269 156 216 14 
288 47 10 247 
258 130 232 56 
264 100 246 277 
129 205 118 288 
7 108 268 182 
136 133 206 232 
257 52 160 292 
78 62 7 285 
50 38 165 31 
164 183 292 176 
221 142 166 140 
286 105 294 55 
255 241 255 58 
103 35 257 298 
278 223 292 267 
158 188 266 173 
240 206 242 4 
208 28 74 55 
114 153 57 219 
218 54 266 201 
119 1 119 254 
156 230 112 294 
221 193 74 17 
172 207 100 240 
279 296 204 40 
297 93 100 22 
199 178 270 295 
250 192 276 34 
145 98 102 96 
91 162 123 201 
101 156 199 83 
218 202 220 145 
276 203 4 271 
295 8 98 255 
247 296 130 193 
245 115 277 156 
66 71 282 127 
263 39 59 188 
71 275 21 228 
247 23 176 272 
146 214 87 26 
240 162 27 225 
187 99 24 45 
226 123 42 216 
163 55 207 72 
20 175 223 191 
237 196 116 247 
206 266 187 194 
228 106 175 243 
31 19 159 10 
230 98 33 17 
86 171 105 174 
57 25 167 185 
100 213 168 168 
142 257 77 289 
129 43 39 264 
72 55 234 247 
21 148 15 23 
3 205 127 161 
214 105 208 284 
297 8 225 106 
25 57 245 225 
247 132 135 32 
88 205 278 159 
214 83 271 290 
84 31 21 132 
122 14 300 128 
273 146 144 273 
80 179 89 147 
145 240 278 25 
182 51 198 28 
139 200 77 279 
275 149 55 42 
87 133 293 65 
6 177 190 2 
126 5 199 290 
298 243 189 192 
45 2 283 240 
108 190 92 124 
31 7 122 93 
186 14 87 65 
104 294 251 31 
31 245 145 204 
189 77 95 27 
216 273 178 172 
216 11 29 244 
23 289 212 85 
286 165 282 25 
1 292 45 73 
202 42 273 166 
19 14 14 280 
135 95 196 60 
160 175 18 286 
33 32 171 182 
92 209 154 291 
70 21 181 5 
186 211 255 297 
217 44 46 117 
104 290 269 104 
209 150 243 246 
44 80 225 37 
218 89 250 195 
205 113 26 270 
251 25 292 58 
136 134 250 6 
254 130 277 180 
207 168 117 274 
17 61 264 97 
58 32 49 17 
221 17 85 143 
33 278 191 110 
243 126 234 294 
41 191 24 136 
277 133 153 85 
72 156 149 177 
43 228 87 66 
279 51 157 182 
170 194 11 264 
173 268 282 271 
88 292 147 151 
221 50 159 7 
196 228 193 235 
48 289 0 91 
209 36 262 41 
168 99 177 8 
178 235 24 199 
182 90 234 145 
203 38 212 42 
191 136 241 84 
0 228 141 218 
270 280 140 248 
47 280 254 190 
281 268 84 30 
162 24 23 196 
219 119 184 16 
32 128 89 19 
54 55 264 241 
202 50 4 185 
188 56 221 1 
186 288 76 44 
261 130 152 152 
137 267 230 113 
6 54 225 27 
274 127 209 300 
69 99 39 85 
180 90 170 130 
228 277 114 218 
265 191 0 108 
263 127 120 69 
289 147 81 75 
1 85 115 1 
72 168 97 4 
48 85 32 166 
296 45 39 281 
213 279 263 117 
165 117 39 67 
282 209 84 238 
15 39 246 292 
217 95 282 154 
104 126 13 168 
246 200 246 205 
124 242 63 165 
181 27 180 28 
22 245 141 195 
73 190 113 207 
197 129 222 296 
139 174 85 170 
268 146 175 269 
288 237 229 275 
19 266 64 122 
279 85 13 201 
13 156 163 296 
115 260 44 161 
255 44 215 52 
197 112 40 202 
220 151 78 69 
249 105 46 134 
4 201 137 233 
98 49 130 109 
257 62 152 187 
140 247 213 276 
237 179 191 158 
191 132 105 160 
110 221 176 299 
204 245 6 274 
46 215 106 193 
284 220 180 29 
42 99 227 68 
295 122 222 265 
250 186 155 171 
253 182 68 213 
122 82 298 49 
84 189 106 9 
38 13 82 52 
147 238 58 235 
228 208 256 190 
81 176 105 143 
73 300 139 91 
147 14 81 17 
295 78 255 264 
286 72 37 89 
215 288 265 216 
54 183 178 267 
68 3 37 298 
153 80 27 142 
58 173 228 184 
204 132 51 96 
69 111 172 262 
121 221 265 23 
51 285 79 214 
104 21 287 130 
293 299 209 82 
138 95 54 96 
196 88 191 19 
161 57 245 178 
38 296 103 18 
151 197 223 39 
281 60 5 198 
222 11 77 106 
173 259 266 78 
293 167 193 14 
8 99 203 46 
242 241 290 18 
85 197 56 164 
234 168 76 204 
38 259 131 207 
226 13 83 13 
118 173 187 81 
257 121 52 142 
280 91 101 240 
208 12 166 83 
117 235 52 292 
294 215 127 63 
102 88 98 169 
202 258 193 2 
89 122 30 40 
205 179 160 143 
96 194 248 197 
123 279 217 133 
276 281 24 241 
34 299 153 149 
63 129 212 278 
55 94 105 17 
300 26 78 137 
94 229 273 84 
238 161 145 159 
192 138 128 246 
25 50 152 279 
22 60 104 101 
136 196 140 77 
59 38 135 192 
138 74 297 71 
63 193 113 117 
4 55 298 111 
1 82 163 31 
239 144 56 115 
128 244 76 255 
209 180 241 143 
276 115 8 80 
276 170 119 152 
293 186 191 193 
277 192 253 22 
257 55 42 250 
206 213 288 157 
210 230 221 211 
19 14 268 144 
66 51 189 135 
149 13 131 293 
259 117 106 114 
103 156 51 16 
289 54 279 46 
276 296 64 21 
77 106 146 121 
294 187 197 96 
136 93 101 14 
131 249 74 103 
285 282 142 228 
253 80 152 274 
141 205 15 33 
35 94 157 291 
282 121 241 241 
289 54 54 68 
64 214 114 44 
20 84 31 207 
241 141 55 20 
258 236 46 269 
91 92 300 206 
0 204 145 188 
34 28 0 191 
84 178 233 16 
132 158 293 44 
241 223 253 66 
247 299 99 51 
104 297 91 273 
138 287 154 264 
57 230 246 185 
63 116 152 0 
144 134 125 184 
171 283 218 131 
71 53 14 18 
76 153 105 179 
166 86 100 281 
98 216 142 283 
296 241 49 3 
252 272 185 34 
181 270 241 123 
153 232 83 278 
144 216 137 124 
297 5 206 121 
263 174 125 279 
221 228 241 141 
39 37 20 164 
172 236 7 179 
206 82 238 278 
30 58 278 114 
198 57 75 116 
93 90 112 59 
280 120 277 93 
187 240 61 14 
110 124 26 141 
238 265 188 84 
179 272 285 198 
77 208 275 188 
180 32 140 156 
121 137 260 14 
180 53 61 225 
198 179 15 111 
245 277 217 239 
122 107 28 269 
230 258 232 268 
201 7 196 231 
210 205 131 13 
183 98 146 82 
144 28 59 160 
212 291 29 266 
2 88 141 109 
265 90 182 163 
107 117 45 102 
107 49 162 160 
162 137 285 125 
189 195 194 133 
10 260 81 247 
175 158 32 190 
116 48 159 248 
134 266 136 194 
93 235 239 182 
63 169 67 78 
198 84 261 298 
226 238 82 237 
263 37 36 262 
202 21 61 8 
121 60 278 185 
61 218 132 56 
22 127 141 152 
255 279 157 34 
18 200 184 155 
45 202 72 103 
278 165 115 144 
111 92 158 267 
221 265 173 276 
101 97 147 71 
225 71 23 164 
199 23 44 28 
194 208 224 9 
83 111 275 115 
282 65 296 68 
41 17 87 184 
117 239 136 225 
236 298 251 14 
22 127 223 2 
88 48 199 207 
262 109 292 239 
192 214 182 193 
63 12 295 53 
186 230 85 176 
80 142 153 288 
259 52 29 84 
115 50 94 49 
156 291 222 104 
299 219 195 247 
132 69 81 76 
104 68 38 130 
276 290 24 234 
76 253 85 146 
192 64 190 95 
120 285 176 90 
188 16 212 146 
246 125 204 164 
23 2 64 152 
4 6 79 184 
0 264 148 274 
228 188 147 73 
226 103 75 298 
208 203 299 235 
109 238 61 12 
127 134 21 274 
220 166 53 143 
101 188 289 291 
267 279 196 112 
150 174 46 26 
1 138 165 176 
0 79 149 39 
19 267 209 160 
208 148 189 26 
217 278 71 220 
51 110 114 111 
116 218 211 82 
123 72 152 38 
81 39 271 204 
285 173 168 223 
27 217 179 161 
132 220 93 256 
199 108 235 274 
293 249 273 245 
85 13 186 221 
251 29 183 262 
245 57 64 57 
213 294 21 204 
156 27 283 261 
286 39 0 206 
139 223 12 233 
20 99 68 113 
266 268 276 44 
174 79 163 167 
104 193 298 192 
184 165 25 206 
65 111 106 22 
55 48 159 123 
57 205 116 100 
182 40 217 88 
203 268 56 139 
233 285 100 244 
29 278 246 277 
257 115 36 54 
230 63 116 256 
104 30 210 196 
55 299 106 234 
223 281 161 103 
288 142 206 286 
97 93 247 272 
85 153 177 31 
192 298 2 52 
250 243 138 263 
71 220 45 296 
246 273 247 20 
80 225 128 130 
88 262 45 36 
20 68 115 153 
66 37 241 186 
69 150 217 73 
55 270 177 221 
107 89 60 239 
85 158 147 151 
159 13 68 152 
266 69 264 232 
161 183 21 41 
26 96 5 41 
239 241 201 159 
82 296 127 113 
170 191 73 218 
263 242 194 183 
102 293 179 192 
144 131 1 27 
234 9 288 10 
191 138 1 65 
52 268 163 88 
190 99 36 204 
291 110 156 187 
174 233 101 210 
155 33 13 298 
70 2 4 100 
54 94 143 170 
267 219 22 238 
60 294 96 96 
195 288 132 158 
274 24 53 133 
129 191 163 95 
162 74 10 206 
290 203 109 285 
241 46 221 106 
253 29 135 154 
210 121 264 9 
32 218 123 102 
275 70 208 131 
240 273 26 155 
263 258 272 244 
161 46 103 41 
12 45 19 144 
14 0 8 258 
3 57 97 165 
277 163 206 23 
202 205 58 206 
130 31 211 157 
37 200 169 136 
59 218 137 139 
182 167 239 160 
249 273 73 182 
230 106 94 113 
171 30 228 245 
170 188 30 148 
263 256 279 143 
218 11 0 278 
298 176 107 75 
120 276 286 293 
252 138 254 78 
135 11 100 189 
260 178 110 134 
53 147 220 23 
165 266 59 1 
19 90 71 120 
127 153 39 300 
154 179 36 188 
156 61 241 173 
19 1 80 24 
144 74 190 219 
293 221 142 102 
2 225 6 78 
76 136 46 84 
216 131 176 57 
54 53 154 82 
144 165 182 84 
298 222 157 34 
281 241 187 149 
247 230 4 275 
239 41 160 109 
154 101 117 121 
112 263 298 180 
87 70 264 103 
188 290 254 77 
87 144 231 293 
246 143 198 246 
40 213 275 269 
131 255 165 295 
216 106 69 262 
59 4 116 62 
137 91 272 209 
213 170 222 45 
49 42 33 260 
120 111 281 216 
82 39 97 240 
1 135 235 146 
9 262 97 247 
14 185 111 220 
141 30 285 129 
107 77 259 116 
3 199 37 45 
80 165 144 137 
297 52 278 64 
299 53 89 70 
172 292 237 230 
274 58 7 118 
250 254 17 223 
131 7 209 64 
270 43 211 52 
215 71 34 92 
77 169 293 179 
17 134 106 12 
29 278 41 180 
69 145 235 0 
91 274 59 279 
222 55 50 143 
242 23 71 197 
68 188 1 210 
236 183 262 160 
68 21 255 152 
242 229 241 37 
76 30 9 200 
218 96 46 10 
19 170 194 222 
254 264 88 62 
204 241 153 23 
229 210 172 229 
299 121 25 290 
201 49 244 145 
135 189 144 173 
144 193 184 170 
126 109 27 280 
29 178 13 221 
51 80 91 121 
174 218 96 166 
219 106 267 238 
207 10 296 13 
298 146 146 57 
215 291 13 65 
222 149 277 5 
51 258 6 242 
205 149 236 60 
181 48 296 17 
108 63 135 229 
16 90 196 66 
162 299 27 287 
19 143 41 278 
164 167 129 265 
26 106 256 45 
41 269 1 1 
184 196 170 29 
75 194 69 130 
58 257 184 18 
203 145 5 107 
140 181 71 4 
78 219 137 155 
107 11 50 245 
164 192 60 32 
133 295 174 297 
17 31 281 100 
225 123 113 83 
209 226 56 261 
120 154 14 293 
217 138 237 93 
282 104 147 104 
92 26 159 229 
92 50 87 257 
62 279 241 138 
45 167 94 266 
82 80 268 290 
244 131 270 199 
190 182 176 8 
59 241 92 259 
270 127 243 209 
201 12 297 272 
39 172 249 12 
263 259 75 158 
87 271 108 94 
62 106 193 220 
111 298 216 2 
118 82 129 25 
114 208 109 18 
221 169 61 200 
0 142 38 123 
50 74 219 170 
95 133 20 127 
65 133 79 17 
120 30 150 269 
245 93 69 78 
142 166 26 81 
3 294 90 10 
28 184 289 205 
41 237 120 82 
12 12 13 159 
10 112 47 114 
269 174 35 49 
121 247 184 28 
185 26 65 35 
121 29 184 237 
70 58 114 157 
297 191 116 55 
133 170 261 145 
115 61 198 37 
244 168 69 275 
111 60 133 42 
24 279 285 271 
24 18 90 251 
138 299 168 247 
221 42 44 214 
182 5 236 180 
248 168 80 102 
14 114 24 298 
237 270 187 95 
108 68 109 240 
277 296 243 96 
82 300 271 99 
5 128 118 180 
73 76 4 105 
136 57 129 182 
136 101 44 161 
252 200 272 242 
64 243 44 142 
185 45 267 188 
26 163 245 286 
287 152 21 16 
293 246 281 77 
45 285 44 193 
294 102 286 199 
151 205 162 19 
122 8 217 267 
158 209 256 196 
45 30 268 50 
127 143 217 81 
142 99 289 111 
68 162 245 71 
255 50 38 276 
139 154 131 248 
116 140 253 174 
68 20 126 21 
179 177 86 122 
17 283 82 147 
104 171 174 56 
4 205 229 79 
20 229 1 222 
103 239 261 190 
188 269 286 253 
1 176 263 298 
36 298 70 246 
91 63 299 78 
73 70 294 22 
12 146 105 52 
126 152 148 299 
213 163 12 15 
212 180 185 56 
27 194 89 218 
198 91 212 52 
180 206 35 258 
32 169 83 24 
272 237 299 99 
257 284 142 274 
66 48 11 168 
165 228 35 105 
110 244 208 115 
299 78 68 103 
123 91 186 284 
34 242 100 169 
8 75 193 105 
41 21 73 170 
142 25 9 182 
215 198 79 158 
120 22 150 300 
254 108 159 174 
19 155 45 159 
68 216 3 188 
22 274 232 274 
241 127 193 8 
90 25 31 42 
189 8 249 250 
138 249 226 258 
234 62 31 260 
187 154 61 248 
204 57 272 226 
206 275 190 53 
130 77 248 230 
7 95 225 172 
67 61 162 181 
86 87 75 95 
47 32 136 4 
107 94 105 123 
25 200 263 276 
252 199 171 89 
240 16 151 36 
133 298 65 74 
72 110 271 115 
172 294 204 24 
263 96 16 268 
180 165 297 125 
153 162 226 6 
193 200 293 2 
271 43 99 29 
96 39 160 187 
232 273 96 292 
159 16 27 64 
127 65 110 84 
25 271 138 115 
130 228 116 181 
251 234 158 67 
96 280 179 133 
99 218 79 199 
144 169 154 25 
143 245 37 136 
247 195 54 288 
135 163 100 3 
122 133 51 56 
257 192 19 192 
65 225 112 190 
207 289 126 142 
154 140 72 199 
65 266 42 49 
81 291 106 277 
133 31 138 122 
122 125 130 237 
166 238 98 112 
40 125 30 216 
92 134 254 81 
144 86 203 84 
245 294 215 266 
17 75 145 177 
148 106 38 168 
225 12 86 167 
210 115 182 52 
31 182 105 170 
14 5 49 156 
151 66 196 80 
189 218 161 231 
18 23 115 129 
82 173 262 253 
213 239 122 106 
156 1 240 228 
240 63 95 176 
266 270 20 109 
269 146 225 226 
133 286 215 156 
121 126 100 32 
128 113 254 92 
106 275 161 13 
247 75 30 235 
232 11 253 105 
169 276 46 274 
253 235 239 285 
175 94 135 231 
105 117 241 122 
133 246 123 287 
238 152 78 103 
300 148 44 21 
125 248 193 18 
28 38 56 197 
271 249 5 68 
15 260 85 259 
252 234 106 72 
15 128 64 132 
176 239 256 2 
118 266 62 66 
208 125 110 165 
270 222 175 193 
254 9 293 230 
237 33 165 272 
124 279 51 3 
54 96 154 172 
283 209 267 22 
255 9 120 163 
71 211 67 141 
71 63 131 299 
88 150 93 17 
32 95 173 133 
67 93 184 119 
292 162 280 150 
83 92 148 169 
72 106 135 11 
294 166 95 68 
196 181 166 12 
103 67 97 219 
248 136 200 9 
66 262 26 69 
126 39 84 160 
287 7 21 151 
209 219 58 91 
66 203 267 251 
136 9 125 297 
26 268 37 292 
163 76 42 225 
51 249 125 46 
93 93 102 267 
140 202 165 1 
261 129 269 45 
87 19 174 287 
271 288 41 15 
97 182 232 235 
14 202 281 29 
247 163 98 27 
255 42 104 208 
248 50 45 72 
195 183 129 265 
123 232 128 174 
258 296 162 113 
258 7 299 199 
285 23 173 93 
69 125 117 184 
195 282 117 47 
263 79 26 70 
248 36 242 3 
128 9 270 78 
263 200 42 187 
110 275 62 65 
46 134 147 297 
137 17 75 253 
285 8 195 110 
164 286 160 211 
20 127 94 13 
17 123 148 291 
165 300 127 123 
244 275 87 146 
250 93 217 258 
216 49 116 168 
206 68 229 237 
115 172 274 109 
12 157 37 210 
193 58 299 2 
142 204 219 66 
204 210 128 77 
15 113 203 139 
39 134 199 41 
160 300 138 245 
298 204 103 244 
143 25 77 47 
228 285 224 171 
34 140 181 216 
273 248 194 41 
269 212 242 32 
173 108 40 192 
267 184 82 272 
210 185 175 151 
24 108 0 118 
19 79 156 19 
249 27 160 203 
131 188 204 0 
52 295 121 115 
273 204 68 160 
82 85 106 288 
255 133 277 176 
238 298 5 220 
107 259 72 103 
215 277 89 284 
287 178 282 228 
11 88 238 157 
253 18 2 185 
182 235 267 195 
182 249 290 156 
107 127 233 75 
89 11 245 87 
169 56 0 268 
136 62 103 79 
201 295 46 161 
76 255 75 13 
280 75 26 199 
184 254 184 295 
88 286 174 28 
210 263 245 152 
31 242 223 197 
102 138 36 182 
51 210 6 279 
110 242 197 3 
174 300 162 143 
138 236 105 58 
286 153 136 126 
227 40 243 240 
19 78 97 156 
27 287 25 149 
181 224 169 21 
93 220 218 158 
136 287 257 116 
99 69 124 3 
130 167 22 267 
191 211 295 191 
59 91 161 28 
100 290 274 253 
222 296 145 239 
126 79 6 18 
170 44 54 50 
224 91 255 203 
145 54 208 67 
89 274 40 112 
213 96 183 167 
123 152 30 262 
82 31 193 240 
141 289 18 87 
85 251 90 127 
283 32 251 184 
135 298 178 15 
129 11 221 92 
244 181 185 247 
52 35 272 169 
64 147 103 124 
12 59 143 226 
223 286 157 238 
125 172 19 174 
104 134 231 98 
183 61 150 167 
107 115 194 275 
294 5 58 111 
178 7 284 261 
239 139 31 252 
289 71 278 54 
83 250 96 261 
222 43 32 6 
133 145 172 279 
99 58 66 116 
286 199 105 41 
31 284 207 217 
281 93 133 289 
42 158 73 54 
242 98 29 111 
117 258 297 216 
112 248 221 275 
189 59 216 93 
92 141 152 69 
69 281 115 246 
147 215 286 215 
187 63 145 174 
79 130 126 203 
13 13 89 142 
96 297 250 292 
75 87 6 196 
159 67 63 76 
151 72 249 247 
185 242 61 58 
64 126 201 242 
154 278 206 52 
204 154 91 66 
283 227 204 220 
266 12 56 137 
131 297 125 72 
147 199 131 141 
67 203 114 8 
171 10 46 273 
134 154 130 264 
46 223 143 290 
228 144 64 52 
192 51 133 173 
3 83 259 293 
223 133 109 86 
84 119 178 156 
7 191 232 11 
14 163 290 180 
153 231 42 170 
70 141 74 152 
202 175 18 238 
129 151 261 10 
195 139 147 187 
65 112 241 249 
59 255 21 181 
129 231 184 286 
104 12 261 106 
279 138 167 236 
94 265 264 268 
90 191 67 294 
123 124 2 66 
220 100 214 55 
288 112 167 74 
251 186 61 72 
116 5 120 60 
99 123 288 133 
7 119 109 182 
213 199 199 47 
147 275 282 184 
85 243 41 165 
84 116 287 264 
180 123 58 237 
159 32 297 263 
171 118 298 17 
236 88 177 108 
217 32 124 49 
95 300 195 14 
257 187 80 247 
42 161 220 100 
256 299 281 294 
17 77 186 127 
235 65 231 57 
190 288 143 10 
234 168 96 212 
65 47 68 162 
37 4 225 44 
50 267 27 244 
111 22 247 219 
15 226 284 50 
13 13 187 183 
194 299 24 190 
248 221 210 230 
122 83 216 157 
58 25 36 220 
213 14 143 101 
211 243 112 129 
168 163 22 64 
172 151 92 14 
161 144 0 259 
153 88 297 96 
108 282 104 160 
165 106 89 37 
295 62 279 167 
94 266 7 265 
65 298 239 102 
115 99 84 177 
281 228 37 231 
28 250 155 246 
281 176 135 116 
143 218 267 70 
51 142 30 52 
240 95 259 83 
134 173 17 83 
282 154 283 98 
32 42 197 26 
292 207 49 192 
91 245 190 210 
25 46 170 297 
33 119 1 21 
178 247 299 48 
0 138 34 229 
58 285 59 103 
274 300 143 174 
15 133 278 133 
252 104 167 100 
175 71 244 216 
224 162 219 82 
83 88 115 210 
64 283 168 262 
121 58 127 17 
202 213 22 112 
4 80 209 295 
214 123 49 230 
199 209 289 16 
62 149 237 212 
61 124 18 247 
159 209 77 62 
214 154 264 79 
214 131 53 267 
164 162 191 53 
25 181 267 120 
243 142 45 244 
229 168 258 36 
137 265 194 262 
62 124 132 239 
224 112 162 283 
46 0 182 163 
232 69 205 203 
126 9 296 1 
98 4 294 105 
216 49 76 179 
7 132 33 136 
240 92 123 226 
8 204 118 276 
113 209 125 76 
10 292 240 281 
206 217 190 290 
92 274 131 199 
39 169 203 6 
151 83 107 8 
3 90 65 256 
75 119 84 64 
71 297 166 269 
109 116 77 228 
56 243 250 77 
296 158 32 79 
189 266 247 23 
269 92 248 160 
300 51 224 109 
248 239 111 12 
43 143 68 285 
187 115 14 166 
4 198 45 150 
269 71 171 108 
186 27 253 22 
179 59 2 19 
71 164 242 139 
149 275 145 117 
99 137 58 177 
35 11 207 294 
222 224 152 198 
266 163 76 42 
274 98 134 216 
204 128 291 141 
300 254 277 160 
183 110 46 274 
197 60 185 59 
225 248 204 228 
159 64 8 176 
63 196 215 113 
194 74 183 274 
246 52 119 271 
79 183 277 225 
223 15 23 198 
236 81 213 144 
67 218 275 286 
285 168 199 174 
231 37 214 89 
187 147 107 0 
99 124 108 263 
138 300 86 74 
243 298 126 260 
153 54 59 98 
202 121 295 293 
257 73 135 12 
158 138 32 12 
205 260 84 153 
77 244 95 254 
258 199 67 156 
59 117 63 22 
228 204 112 234 
47 55 68 33 
132 279 170 112 
184 259 14 142 
112 207 233 195 
217 16 139 28 
70 65 65 221 
47 165 241 42 
179 77 107 106 
237 207 51 198 
164 182 161 197 
45 242 289 205 
164 30 21 85 
57 249 114 284 
14 227 238 207 
138 243 182 200 
32 55 213 114 
149 44 268 36 
87 130 100 33 
169 293 16 282 
150 224 207 44 
178 70 131 95 
167 29 42 150 
209 219 137 73 
27 61 64 157 
178 179 172 176 
152 11 162 274 
289 198 68 119 
83 191 199 277 
227 104 234 171 
53 240 195 47 
39 262 93 3 
121 115 129 77 
251 35 146 243 
24 232 89 223 
88 169 166 197 
53 7 171 175 
62 203 267 164 
207 162 131 248 
147 208 177 268 
196 267 297 91 
242 203 278 292 
143 265 131 50 
158 68 82 170 
52 199 258 206 
5 235 155 265 
79 23 285 26 
161 77 101 263 
70 215 274 29 
148 32 73 150 
289 14 194 202 
294 58 16 63 
283 220 121 52 
183 105 98 27 
270 83 275 7 
19 119 232 260 
101 114 110 203 
27 137 127 10 
147 27 259 170 
89 265 7 21 
177 132 126 123 
157 45 144 299 
74 95 107 143 
62 64 15 31 
283 34 218 171 
68 79 19 101 
275 75 126 51 
210 13 298 23 
68 22 294 202 
78 86 125 71 
105 220 163 285 
256 192 281 103 
261 117 186 178 
229 24 133 157 
229 40 71 135 
169 86 168 269 
291 99 256 261 
247 232 112 56 
69 32 57 185 
201 123 115 82 
0 288 67 300 
162 227 59 164 
122 239 117 17 
101 223 274 140 
72 248 138 80 
142 250 110 248 
202 47 149 169 
130 106 122 171 
25 53 121 214 
169 245 8 243 
62 185 113 292 
278 292 109 16 
253 27 282 16 
199 256 170 66 
71 211 278 7 
148 8 133 134 
110 59 50 144 
39 235 80 118 
120 140 158 168 
143 25 38 204 
110 126 219 75 
158 72 83 289 
123 69 97 40 
31 243 135 69 
13 90 189 102 
13 241 92 47 
60 104 148 200 
269 283 181 249 
159 31 180 0 
13 38 269 135 
237 296 299 173 
37 133 117 194 
246 264 246 74 
126 251 222 96 
239 264 168 38 
153 228 210 113 
161 44 1 230 
83 254 275 102 
224 44 88 208 
251 64 113 236 
215 277 263 116 
227 296 153 58 
199 79 122 221 
145 49 255 160 
247 53 151 195 
265 177 215 68 
51 87 156 77 
208 153 112 254 
275 18 298 196 
217 40 175 227 
280 278 171 101 
236 204 114 57 
6 186 210 161 
3 268 262 146 
173 10 83 14 
133 184 98 213 
68 204 165 23 
248 32 57 255 
222 2 299 267 
5 66 36 214 
37 134 42 214 
0 161 185 272 
13 80 50 292 
79 69 217 129 
61 110 276 145 
180 238 208 277 
173 15 140 170 
300 239 256 193 
252 121 157 118 
294 27 73 103 
1 289 195 106 
4 63 172 264 
286 63 256 179 
196 163 288 102 
249 71 125 292 
112 56 229 169 
111 3 4 218 
89 120 51 166 
218 243 80 143 
73 8 206 183 
11 114 32 290 
203 236 232 273 
133 238 112 82 
281 18 37 175 
147 282 247 77 
93 154 269 21 
16 38 248 270 
203 13 179 90 
52 22 138 28 
44 67 84 69 
236 293 160 118 
273 213 216 73 
243 201 160 164 
27 94 152 36 
122 126 236 231 
197 227 35 211 
267 157 273 190 
122 106 227 157 
107 271 79 9 
150 79 45 209 
82 290 131 283 
257 59 95 58 
271 63 205 226 
41 6 38 14 
123 274 1 105 
221 278 198 28 
108 254 219 194 
141 25 172 245 
121 55 164 194 
103 298 294 25 
36 230 237 175 
203 147 74 204 
155 88 181 300 
261 6 170 229 
180 229 57 184 
146 42 34 5 
107 172 266 293 
191 16 132 36 
293 237 254 134 
191 74 164 216 
184 283 63 218 
225 289 103 191 
30 267 91 201 
218 153 198 49 
233 251 214 225 
149 273 269 220 
297 284 267 66 
257 69 290 297 
223 298 147 232 
88 72 182 158 
82 236 153 152 
80 147 246 119 
259 231 82 270 
264 188 44 262 
168 89 299 87 
239 215 30 204 
235 1 58 154 
135 169 15 87 
89 274 122 35 
294 33 143 298 
109 174 196 164 
78 137 37 66 
264 72 80 241 
83 2 228 153 
266 84 1 143 
36 80 189 274 
266 212 4 5 
141 151 244 292 
140 73 235 93 
288 132 255 176 
50 10 54 247 
107 19 4 129 
70 44 26 6 
261 260 163 223 
101 254 41 47 
1 197 184 19 
267 85 181 130 
5 121 70 204 
15 169 152 165 
224 288 151 181 
35 229 22 210 
120 111 109 115 
142 94 75 281 
228 157 200 40 
46 15 30 136 
82 90 116 288 
161 163 53 216 
35 138 190 80 
5 222 27 83 
265 146 115 259 
247 191 247 130 
26 96 174 201 
194 275 292 196 
23 113 147 260 
98 120 149 60 
223 20 218 252 
58 224 147 2 
295 248 12 47 
49 234 248 279 
288 43 121 63 
206 148 192 181 
156 105 272 266 
190 287 174 273 
33 292 291 26 
50 97 137 190 
48 174 37 240 
147 61 45 46 
35 232 119 212 
105 88 200 207 
64 153 22 300 
169 62 45 242 
5 278 187 226 
112 86 92 58 
94 268 126 157 
214 18 222 20 
45 126 199 57 
209 226 238 229 
153 87 69 64 
28 174 128 122 
103 273 45 11 
93 298 56 32 
268 113 136 169 
231 26 265 72 
297 143 271 11 
159 103 146 152 
23 224 50 210 
176 5 218 189 
155 40 55 129 
159 51 220 74 
189 103 99 300 
203 67 231 142 
61 54 285 9 
124 108 100 247 
201 229 173 127 
246 214 89 199 
3 249 88 103 
169 272 88 140 
251 205 14 184 
212 192 270 22 
164 69 276 32 
210 176 188 277 
78 207 41 263 
81 11 104 45 
246 9 178 131 
106 115 184 187 
171 195 3 199 
286 40 141 136 
206 238 266 115 
289 37 147 197 
125 166 236 101 
249 153 253 107 
43 18 72 60 
148 164 156 165 
24 168 285 135 
1 226 150 46 
115 136 7 119 
39 151 171 149 
190 166 68 194 
205 110 122 7 
44 127 77 277 
253 131 179 88 
184 201 69 90 
86 217 132 86 
11 61 188 294 
278 3 156 216 
106 201 16 110 
102 267 240 235 
9 154 293 165 
199 115 259 71 
174 164 95 159 
169 275 246 63 
276 79 158 149 
47 134 270 74 
300 248 17 236 
36 287 275 159 
249 189 37 70 
227 256 239 22 
292 173 60 28 
157 209 217 115 
104 60 193 236 
297 160 219 59 
272 19 291 146 
162 225 169 134 
124 278 216 219 
77 4 131 269 
146 212 50 46 
212 70 185 69 
214 163 182 11 
142 134 191 139 
144 99 28 13 
251 186 180 15 
279 239 231 249 
74 30 298 50 
167 188 239 162 
172 268 280 243 
229 35 109 170 
103 116 83 112 
246 123 176 174 
200 252 255 185 
155 21 15 7 
100 161 241 25 
207 231 36 81 
150 123 213 89 
235 257 160 43 
232 122 25 73 
284 40 252 298 
265 85 209 153 
162 7 61 292 
249 53 262 18 
138 57 138 55 
12 144 75 93 
221 147 60 241 
244 177 138 264 
241 249 101 101 
281 236 161 271 
149 220 172 26 
85 30 47 174 
138 129 134 197 
136 281 216 115 
83 235 193 123 
93 112 63 270 
141 136 56 185 
168 115 34 49 
155 276 202 261 
260 115 220 149 
94 154 126 278 
279 12 41 299 
160 54 259 6 
31 131 141 52 
35 266 85 279 
155 70 278 52 
143 113 224 17 
191 227 62 71 
168 78 234 253 
211 169 31 13 
284 198 270 213 
242 243 65 151 
233 223 200 175 
292 24 248 196 
282 100 267 228 
142 149 269 27 
245 0 269 96 
80 284 285 194 
283 4 192 32 
69 140 241 294 
262 259 123 151 
212 208 45 287 
27 248 72 196 
1 52 113 180 
215 138 184 300 
248 219 170 199 
16 85 288 11 
67 274 15 181 
171 176 64 270 
196 293 66 40 
11 211 92 152 
248 288 263 202 
110 15 60 175 
292 85 105 115 
5 254 78 119 
238 103 222 55 
126 4 130 218 
134 40 187 207 
34 280 7 159 
148 234 79 170 
298 4 248 96 
149 273 127 285 
92 179 69 82 
73 146 40 62 
124 204 65 207 
174 295 147 45 
56 234 161 278 
143 162 239 116 
290 190 94 140 
57 38 267 283 
77 207 16 43 
254 276 7 108 
205 211 148 3 
41 92 91 73 
132 29 108 224 
171 179 290 39 
158 126 285 168 
250 152 194 41 
252 258 97 7 
259 287 131 118 
225 135 227 37 
103 190 182 59 
29 261 239 276 
100 268 46 233 
172 241 79 245 
59 160 235 280 
194 291 23 110 
239 35 37 129 
35 106 197 170 
193 300 86 290 
171 193 80 166 
165 98 268 30 
43 146 183 103 
151 47 245 238 
104 59 170 190 
60 288 89 38 
99 14 256 6 
47 155 207 252 
247 230 149 211 
128 273 234 287 
229 93 297 236 
277 81 180 55 
172 288 163 115 
172 265 156 107 
252 144 98 264 
153 51 51 154 
228 242 298 293 
253 39 89 30 
238 203 138 241 
7 68 174 118 
270 187 225 173 
168 156 6 67 
92 275 33 198 
244 139 76 93 
278 125 152 118 
66 123 5 143 
242 285 7 261 
141 243 249 38 
198 202 79 32 
136 254 110 57 
48 86 15 239 
92 288 44 200 
246 235 280 142 
188 8 35 2 
243 125 85 262 
231 172 284 16 
205 116 145 87 
33 272 277 254 
107 142 70 190 
18 257 20 141 
247 218 28 94 
204 151 245 219 
263 12 196 44 
65 49 97 164 
263 20 174 170 
53 148 194 178 
111 132 207 137 
167 291 61 28 
91 268 68 29 
109 241 8 94 
173 104 236 158 
245 48 127 167 
199 29 127 284 
274 178 230 230 
9 288 204 146 
13 162 233 279 
56 150 279 228 
299 25 153 234 
283 184 274 207 
94 35 113 96 
285 285 120 207 
54 262 291 81 
185 237 71 185 
57 187 32 50 
91 97 209 163 
82 47 224 174 
270 110 196 259 
126 266 232 86 
192 219 164 7 
179 129 187 212 
66 202 136 192 
123 192 0 257 
141 48 54 214 
50 145 260 204 
241 276 188 123 
198 68 78 124 
26 111 55 23 
59 241 65 291 
65 256 131 124 
82 262 298 17 
88 182 183 23 
42 212 138 54 
27 206 0 296 
88 254 87 153 
197 140 171 297 
93 234 261 104 
127 123 232 264 
172 212 123 107 
96 24 51 277 
256 69 37 42 
19 295 296 110 
17 71 218 300 
129 292 58 52 
33 94 171 152 
226 152 254 179 
153 287 228 289 
65 9 73 230 
14 89 281 23 
32 92 128 122 
189 144 12 96 
157 93 87 152 
112 42 86 36 
287 223 284 213 
15 201 8 157 
101 102 42 17 
261 262 225 144 
86 21 203 104 
103 141 170 99 
293 216 199 40 
103 174 300 79 
132 157 300 65 
273 3 69 114 
168 261 32 86 
40 216 212 231 
221 149 291 192 
178 233 40 148 
288 4 7 57 
34 70 205 152 
60 244 177 136 
271 3 253 151 
262 280 41 288 
103 80 39 234 
213 41 35 295 
154 295 245 49 
130 137 98 122 
71 54 139 221 
273 105 212 185 
169 279 39 278 
31 36 101 207 
143 26 263 203 
219 86 178 186 
136 103 157 64 
41 105 26 82 
182 152 213 154 
1 135 58 38 
61 213 272 238 
267 221 265 290 
261 129 176 300 
206 300 175 176 
292 225 282 104 
298 144 169 245 
21 23 282 140 
62 205 163 70 
177 234 36 236 
62 23 99 74 
149 201 189 270 
180 188 214 163 
1 207 70 128 
299 239 129 6 
103 245 297 200 
72 16 138 246 
167 19 183 38 
39 32 290 220 
262 227 156 142 
250 95 109 65 
101 90 73 168 
196 45 13 124 
60 74 206 167 
66 280 206 250 
281 195 288 115 
35 34 78 2 
85 280 152 123 
261 45 223 21 
264 202 91 113 
267 230 277 10 
207 193 207 298 
101 215 154 138 
190 134 99 83 
241 107 259 14 
97 22 292 108 
69 195 282 211 
107 119 149 166 
22 152 49 290 
36 276 67 201 
149 282 36 76 
105 27 20 99 
37 167 113 37 
237 178 76 0 
146 17 160 196 
279 2 84 219 
78 228 65 162 
34 21 255 159 
246 218 204 5 
72 38 137 259 
63 13 217 110 
187 142 7 102 
49 296 185 172 
94 59 61 292 
245 192 232 1 
208 13 67 172 
221 9 113 265 
94 265 131 97 
117 22 210 226 
280 194 98 94 
249 153 164 289 
193 136 164 289 
74 194 178 90 
218 222 167 273 
106 225 144 0 
197 299 130 211 
28 52 128 264 
209 75 103 256 
235 170 236 167 
227 35 15 43 
121 162 202 290 
35 239 100 133 
101 62 74 234 
230 116 82 114 
32 43 245 104 
261 204 35 187 
152 42 78 177 
187 120 204 167 
22 176 243 47 
129 56 162 1 
257 31 8 97 
52 256 132 190 
283 252 216 185 
187 175 200 231 
278 248 217 141 
189 106 140 64 
96 1 12 140 
130 132 222 140 
183 298 161 259 
95 156 32 192 
129 46 147 268 
266 110 42 11 
81 30 215 187 
123 74 32 230 
61 107 209 179 
209 124 238 166 
106 214 10 272 
89 33 177 146 
164 204 200 230 
296 230 280 245 
124 6 200 172 
296 208 123 54 
259 13 122 69 
219 296 171 259 
281 145 153 278 
281 247 212 175 
87 283 204 110 
230 96 280 92 
169 50 18 216 
150 205 238 121 
84 34 215 63 
299 277 15 229 
266 144 206 68 
118 141 35 299 
63 43 41 104 
78 66 21 300 
19 134 200 216 
62 151 126 165 
93 15 298 27 
62 169 291 205 
149 128 94 255 
24 200 4 154 
38 30 176 24 
291 212 204 285 
62 81 49 40 
193 160 230 42 
69 4 57 237 
14 153 47 274 
220 207 30 46 
41 38 34 62 
5 54 247 298 
89 96 288 207 
173 277 223 151 
294 103 246 250 
147 76 202 178 
274 252 76 152 
221 44 33 274 
185 227 35 98 
125 110 123 101 
173 234 23 101 
22 57 236 224 
108 160 144 214 
35 14 50 295 
265 291 266 232 
37 61 9 12 
79 184 57 139 
225 60 281 88 
107 192 191 151 
48 153 161 245 
228 276 289 265 
119 54 149 209 
37 215 23 142 
299 89 170 36 
93 200 41 88 
21 211 12 175 
12 157 101 35 
70 191 75 214 
64 33 188 57 
195 138 269 14 
112 37 16 216 
281 280 229 290 
174 148 296 169 
143 164 255 101 
34 75 218 200 
258 170 20 284 
0 97 298 42 
223 30 244 128 
185 117 297 297 
64 210 264 167 
38 33 3 27 
6 276 297 53 
296 231 198 154 
107 34 280 248 
127 136 256 265 
280 87 36 198 
45 106 70 101 
10 106 272 238 
63 84 199 243 
180 46 218 293 
150 162 232 107 
296 83 129 117 
266 110 26 76 
244 26 13 220 
147 298 270 107 
46 243 124 56 
210 227 236 15 
174 286 290 42 
199 234 275 12 
285 90 100 293 
115 154 169 8 
216 269 105 249 
139 194 291 49 
23 151 162 59 
112 212 137 104 
255 97 37 182 
273 275 156 91 
282 7 144 292 
229 171 111 273 
208 237 33 212 
28 103 13 84 
274 211 90 110 
99 146 0 187 
176 156 80 119 
65 147 137 62 
256 11 211 254 
109 0 191 265 
288 211 174 242 
136 218 280 140 
26 253 47 97 
289 15 179 65 
243 235 38 244 
157 85 246 71 
99 143 29 61 
221 220 51 162 
197 18 222 30 
275 110 272 288 
117 246 124 274 
100 100 134 84 
179 187 106 272 
126 25 122 238 
292 126 22 81 
117 0 6 64 
210 60 201 207 
49 157 70 36 
21 285 174 283 
204 56 74 257 
179 55 230 29 
55 55 171 120 
134 266 128 194 
291 289 209 300 
205 36 134 24 
60 144 228 264 
195 118 143 44 
142 83 191 292 
82 238 208 147 
252 89 54 122 
242 15 248 134 
6 110 58 262 
99 244 194 184 
11 170 41 182 
99 215 68 276 
33 11 146 234 
30 82 156 252 
64 270 160 253 
112 244 55 80 
181 158 293 291 
12 279 125 218 
297 154 7 291 
105 218 7 11 
225 139 267 221 
68 68 57 297 
299 141 207 3 
8 200 296 186 
249 229 296 297 
4 155 283 8 
196 187 174 205 
216 295 100 250 
0 247 168 201 
241 297 185 3 
297 197 185 264 
115 93 67 128 
183 95 290 72 
277 82 18 231 
170 75 266 220 
242 90 10 158 
17 132 210 211 
117 57 40 88 
278 85 150 73 
38 0 263 153 
114 30 165 91 
92 245 196 285 
141 49 167 87 
5 207 170 185 
160 25 96 6 
264 178 106 212 
190 111 82 237 
299 65 195 177 
67 261 129 164 
96 124 196 72 
250 152 38 156 
119 115 81 284 
51 213 206 159 
74 84 220 87 
226 278 294 248 
23 246 147 2 
204 2 15 68 
157 271 185 120 
225 80 243 296 
69 271 61 293 
134 113 214 230 
169 274 281 244 
218 204 60 262 
199 54 50 40 
172 246 123 141 
167 52 197 219 
132 116 30 268 
109 236 251 297 
69 60 242 239 
53 157 39 192 
271 149 79 257 
25 95 174 22 
59 38 161 8 
120 127 8 76 
291 141 36 108 
258 228 134 185 
112 86 28 237 
135 184 228 11 
234 138 264 278 
108 208 178 142 
22 92 191 39 
178 284 184 267 
101 277 26 183 
3 200 233 129 
24 12 246 1 
56 82 88 169 
25 13 105 103 
73 237 240 161 
68 85 64 239 
206 122 55 6 
261 223 80 289 
257 132 90 24 
161 35 137 179 
97 175 297 281 
28 211 144 183 
103 236 218 78 
102 227 179 86 
55 8 300 245 
109 249 218 44 
284 187 196 39 
51 146 142 55 
92 5 67 256 
247 136 182 31 
188 281 188 25 
179 229 16 179 
271 113 86 104 
16 149 148 275 
133 226 96 162 
282 1 174 271 
42 4 154 104 
19 63 89 104 
44 66 1 80 
121 212 11 292 
36 281 179 14 
119 34 66 144 
298 46 277 49 
104 100 280 36 
61 209 270 148 
283 159 139 114 
289 279 178 35 
89 112 21 253 
268 41 246 96 
217 160 134 147 
140 282 163 48 
291 3 167 276 
221 188 295 69 
216 297 56 89 
29 119 59 14 
203 168 99 200 
234 113 298 254 
112 224 61 19 
95 293 172 212 
89 214 224 282 
44 102 64 161 
93 252 123 296 
222 47 124 240 
163 168 272 167 
60 285 194 234 
43 41 95 243 
105 5 66 78 
125 124 130 68 
224 281 46 202 
192 32 213 164 
4 20 226 124 
290 128 138 20 
54 40 275 95 
233 130 241 8 
174 195 283 39 
100 52 295 270 
194 131 247 172 
154 167 105 189 
111 171 44 293 
269 83 278 108 
233 89 237 241 
247 162 151 136 
161 251 276 9 
61 282 10 208 
90 246 77 134 
86 47 247 201 
229 177 53 188 
53 123 57 230 
156 11 113 65 
238 35 71 10 
171 104 95 138 
179 129 105 225 
286 243 210 39 
197 198 264 54 
56 290 77 26 
252 190 30 142 
59 236 253 235 
195 18 64 59 
271 30 286 208 
111 65 97 140 
19 290 83 133 
272 181 195 57 
4 77 173 76 
64 171 72 248 
268 67 260 180 
12 61 282 171 
74 105 211 64 
12 23 162 265 
13 210 241 283 
79 235 33 256 
78 144 84 111 
6 262 209 264 
25 59 18 294 
176 36 128 222 
182 258 102 131 
142 21 119 120 
192 119 122 191 
287 188 118 186 
281 55 15 250 
86 249 69 250 
141 34 126 92 
111 13 149 167 
11 166 162 187 
53 165 27 14 
13 286 75 271 
169 87 178 12 
37 292 194 283 
176 197 217 193 
223 255 87 154 
42 197 57 82 
222 154 170 299 
131 288 257 217 
275 141 178 204 
6 80 114 113 
257 100 49 265 
296 0 142 17 
286 35 84 134 
257 195 294 214 
173 166 221 10 
27 6 289 30 
221 139 265 132 
72 30 173 141 
218 71 135 82 
232 114 14 236 
233 118 145 249 
38 193 105 234 
136 75 192 161 
79 107 197 168 
12 215 278 185 
46 222 214 289 
174 203 265 93 
79 91 15 152 
35 127 241 132 
163 270 145 88 
169 173 78 261 
235 90 90 237 
36 195 21 147 
31 41 59 2 
129 206 109 211 
56 291 283 258 
106 294 51 155 
159 271 167 122 
54 256 18 211 
60 33 61 199 
84 6 213 246 
43 241 100 2 
8 262 214 182 
111 253 43 118 
139 131 170 184 
77 48 82 27 
28 100 11 218 
172 129 111 215 
102 269 226 269 
42 272 116 292 
99 223 192 93 
207 127 235 16 
14 132 132 88 
186 59 156 135 
99 284 132 273 
83 140 86 192 
295 192 189 64 
58 111 282 212 
211 31 63 250 
199 93 231 211 
203 285 10 137 
173 57 173 298 
138 31 278 133 
93 295 48 207 
34 93 202 79 
245 92 110 69 
300 292 113 184 
59 2 0 21 
122 280 274 90 
218 18 201 217 
3 23 214 191 
129 186 296 159 
99 214 221 15 
103 17 218 44 
240 102 277 254 
268 158 45 42 
281 138 193 261 
180 58 116 29 
51 11 112 158 
293 240 0 32 
286 180 264 176 
174 233 120 65 
187 240 176 187 
299 259 140 96 
282 267 107 234 
55 121 44 95 
50 88 227 186 
160 283 236 270 
218 29 132 294 
211 58 151 180 
162 49 251 213 
100 194 197 233 
232 155 8 125 
173 134 194 15 
85 103 178 243 
0 208 274 66 
147 300 209 66 
299 124 208 143 
164 142 156 84 
230 266 223 249 
96 69 42 267 
231 71 174 120 
128 106 285 18 
72 161 49 125 
250 286 121 54 
199 207 156 244 
22 201 196 5 
66 223 0 109 
24 50 137 195 
169 251 19 242 
271 243 25 3 
117 237 131 207 
48 248 211 26 
250 108 164 186 
242 232 98 41 
171 139 47 58 
167 165 242 192 
174 210 170 96 
17 112 188 37 
59 78 185 26 
237 191 21 120 
242 267 285 6 
197 208 231 80 
267 114 208 100 
0 123 214 155 
64 87 90 238 
28 26 66 85 
271 80 52 159 
195 115 77 143 
85 294 232 240 
160 126 236 279 
0 264 91 136 
112 56 216 94 
101 55 131 175 
271 187 21 127 
145 300 37 36 
220 179 83 164 
79 289 41 171 
111 47 283 163 
207 203 207 166 
82 83 179 42 
51 152 96 299 
273 58 199 220 
42 207 48 180 
92 185 154 209 
134 100 252 204 
132 58 220 57 
74 296 37 169 
32 205 146 211 
60 98 201 208 
60 63 291 16 
7 198 173 44 
163 235 23 18 
9 241 234 169 
276 29 253 161 
74 99 171 70 
75 89 18 78 
151 271 262 258 
88 96 14 106 
79 248 231 238 
219 183 70 62 
141 216 75 9 
237 136 92 156 
281 230 14 0 
230 234 296 259 
173 53 31 273 
117 217 43 290 
51 145 36 89 
92 38 13 150 
221 51 134 41 
175 269 129 218 
222 85 99 196 
200 223 252 244 
31 214 168 262 
107 297 286 21 
253 272 228 279 
192 0 48 48 
49 262 262 254 
150 11 40 263 
262 281 40 260 
87 253 67 60 
243 206 202 196 
93 196 49 197 
55 63 288 186 
134 79 107 183 
32 277 288 233 
222 146 51 73 
27 83 85 6 
20 54 104 284 
244 93 172 211 
163 27 248 189 
269 218 17 256 
50 159 71 95 
85 177 208 49 
25 0 7 146 
200 212 141 110 
229 157 258 29 
276 110 137 91 
39 142 166 163 
261 30 101 54 
60 111 57 165 
71 206 115 214 
95 6 214 269 
143 84 249 180 
259 33 11 293 
63 77 85 202 
269 287 138 159 
210 162 40 117 
274 26 292 248 
235 270 176 16 
62 167 41 1 
183 193 223 24 
277 287 259 63 
252 223 39 121 
270 129 145 109 
143 295 68 8 
296 114 94 24 
166 118 164 42 
50 154 229 212 
286 187 0 7 
58 156 281 119 
75 52 167 171 
22 2 45 138 
189 132 51 19 
96 22 98 84 
23 67 191 9 
266 270 186 103 
209 228 289 217 
241 117 241 118 
99 55 47 260 
7 261 41 46 
128 297 238 207 
159 63 36 108 
105 77 192 104 
167 77 153 179 
25 112 80 126 
259 94 150 49 
179 111 4 124 
191 234 172 248 
257 52 78 111 
120 86 247 2 
188 172 30 293 
110 274 73 108 
220 177 96 87 
23 231 73 61 
262 84 178 92 
69 40 86 101 
33 140 192 112 
203 242 137 113 
215 99 213 114 
147 269 135 114 
286 10 216 232 
262 9 149 127 
222 228 196 280 
84 70 267 266 
123 254 38 44 
130 141 88 272 
132 174 171 114 
246 6 284 116 
209 107 186 192 
74 65 84 95 
228 94 205 112 
139 202 137 261 
16 191 203 251 
86 267 164 280 
225 146 278 203 
210 291 276 66 
229 222 194 228 
106 118 62 227 
251 249 288 53 
256 62 104 292 
284 122 27 10 
109 93 209 100 
5 136 14 195 
254 140 215 260 
19 288 123 248 
146 289 169 14 
42 68 206 139 
170 219 77 276 
124 32 18 90 
64 106 211 1 
99 0 231 72 
50 102 171 88 
155 116 264 246 
145 299 44 177 
22 48 212 164 
77 97 280 130 
270 150 91 152 
243 46 108 178 
288 107 176 64 
219 46 121 37 
237 280 165 226 
160 96 286 212 
193 110 186 164 
176 262 103 246 
247 234 25 30 
124 255 288 130 
258 170 192 275 
103 269 104 52 
82 161 162 270 
166 276 127 190 
238 124 143 62 
3 211 15 134 
127 224 197 242 
203 129 258 147 
42 249 200 169 
68 132 67 243 
162 214 249 80 
139 140 52 246 
294 114 180 241 
55 204 116 15 
251 36 182 210 
267 65 155 122 
100 19 240 243 
127 46 240 140 
79 58 162 289 
213 161 48 190 
31 186 59 220 
123 81 109 111 
264 169 9 86 
181 192 87 106 
111 17 244 76 
114 215 265 140 
181 218 299 98 
38 192 40 34 
204 215 104 99 
180 53 244 91 
143 244 144 241 
200 157 182 46 
210 61 73 139 
182 39 58 107 
208 248 125 165 
168 46 43 202 
128 275 289 215 
274 137 114 261 
52 150 240 91 
4 2 29 271 
39 9 61 276 
231 232 286 264 
110 175 198 172 
152 119 135 114 
158 56 115 277 
35 54 128 150 
66 123 5 37 
100 193 284 229 
231 182 113 43 
77 188 249 144 
228 50 92 77 
178 119 298 56 
107 284 180 168 
175 212 36 159 
245 29 235 128 
35 81 21 199 
111 269 272 133 
297 185 221 232 
269 26 123 168 
115 261 268 234 
293 208 39 39 
147 280 88 170 
255 261 80 131 
184 176 173 18 
249 278 115 50 
293 84 43 289 
134 140 183 232 
141 168 251 44 
116 122 126 297 
4 225 201 195 
214 85 197 185 
3 14 207 31 
116 80 135 65 
160 284 296 179 
140 172 123 69 
126 293 56 103 
228 256 40 187 
91 81 57 102 
287 197 47 217 
183 31 191 220 
236 19 24 206 
98 185 44 231 
122 125 106 158 
62 141 67 100 
231 159 276 260 
203 207 272 55 
57 125 288 163 
208 172 278 139 
142 87 32 113 
24 204 220 213 
154 70 99 132 
38 14 226 163 
135 297 63 224 
190 17 250 74 
97 221 15 211 
145 19 82 1 
243 219 174 133 
182 213 171 72 
179 203 83 102 
0 175 33 255 
299 76 288 9 
113 44 135 278 
117 255 202 40 
231 272 113 44 
2 2 140 219 
214 160 97 239 
218 148 230 209 
69 174 57 134 
199 154 267 160 
49 216 42 186 
65 246 199 170 
206 239 135 270 
108 22 72 5 
231 213 92 260 
194 181 103 94 
85 110 202 270 
181 158 219 62 
94 57 32 258 
285 61 209 161 
293 15 111 84 
156 215 60 40 
237 238 187 170 
111 240 268 59 
19 288 54 134 
298 181 69 79 
262 9 273 40 
183 227 250 81 
159 295 66 252 
57 203 196 201 
9 160 206 198 
73 148 86 80 
12 168 255 206 
10 185 76 1 
255 164 97 73 
6 151 232 204 
252 27 294 109 
204 62 173 130 
106 167 134 285 
211 68 208 189 
89 15 204 176 
183 83 194 260 
260 138 270 64 
261 23 213 217 
256 20 35 211 
47 67 143 141 
191 230 62 27 
296 32 181 223 
230 71 195 168 
119 201 50 2 
44 47 244 115 
152 286 256 279 
70 188 286 95 
43 261 25 127 
73 280 158 6 
242 226 214 59 
11 76 257 58 
197 6 61 133 
294 31 215 151 
258 100 214 236 
17 238 99 35 
238 143 55 151 
112 234 206 52 
149 268 223 29 
162 267 140 44 
194 232 254 159 
252 128 190 58 
197 183 70 147 
93 280 135 277 
217 7 142 81 
148 279 181 261 
126 40 24 123 
45 77 27 135 
194 149 15 63 
47 240 69 284 
181 18 7 122 
98 227 295 33 
99 58 233 107 
68 106 73 178 
196 248 91 77 
33 102 196 258 
213 107 146 235 
38 157 205 29 
243 40 179 266 
235 32 164 112 
128 126 63 220 
56 281 216 3 
216 13 99 199 
183 169 186 77 
200 24 31 227 
223 269 48 132 
296 104 23 258 
270 232 86 232 
171 77 85 72 
76 187 213 206 
105 148 94 108 
116 56 129 88 
22 208 210 172 
8 28 222 251 
162 14 283 119 
22 26 253 198 
78 261 60 128 
158 235 206 102 
103 165 201 218 
279 169 70 16 
83 0 207 130 
234 103 22 17 
13 281 155 139 
16 156 211 11 
15 122 156 284 
98 155 282 260 
286 123 286 274 
215 22 68 298 
266 180 290 245 
158 94 280 66 
63 43 293 93 
176 224 43 266 
12 71 166 93 
20 249 84 121 
127 168 176 295 
133 43 138 25 
25 217 3 254 
118 193 125 101 
96 182 120 236 
288 50 257 15 
116 16 73 235 
65 0 214 272 
98 98 176 147 
240 201 258 153 
126 130 248 240 
109 214 268 26 
9 206 184 12 
211 184 202 262 
187 93 6 218 
60 25 98 154 
144 130 237 296 
245 105 260 284 
61 128 162 126 
99 189 144 120 
248 105 211 133 
3 165 251 90 
266 179 28 230 
57 114 217 203 
161 117 229 159 
203 235 260 27 
299 68 22 290 
213 146 234 283 
105 206 170 18 
154 281 230 131 
148 164 219 4 
45 133 185 38 
137 98 194 81 
103 33 150 294 
47 49 170 121 
250 206 187 199 
137 33 242 33 
16 84 33 55 
275 111 23 59 
139 109 217 104 
82 3 83 138 
283 174 34 56 
81 1 241 109 
79 197 92 129 
61 47 224 70 
140 295 236 7 
226 237 116 257 
220 98 285 213 
189 4 68 194 
102 132 6 248 
112 261 129 94 
65 187 23 168 
106 176 3 185 
126 90 299 61 
54 74 282 249 
288 280 136 117 
85 197 32 249 
141 133 284 230 
102 139 294 80 
180 205 38 74 
57 259 61 271 
190 294 243 213 
234 115 217 108 
192 123 120 78 
39 276 234 69 
180 44 288 200 
71 298 156 42 
111 91 126 125 
173 216 198 271 
167 68 172 164 
248 128 31 37 
159 297 296 14 
63 3 4 295 
221 12 69 54 
56 5 231 142 
142 35 200 112 
7 156 65 103 
182 123 4 132 
173 210 267 175 
35 103 107 116 
175 128 265 214 
185 150 288 127 
170 145 289 277 
109 246 193 204 
273 47 235 70 
242 21 96 155 
29 124 268 69 
36 293 255 192 
158 78 247 248 
185 114 147 222 
71 241 102 115 
28 282 182 77 
291 132 72 294 
74 151 196 189 
210 115 126 245 
254 256 265 15 
259 215 234 265 
280 197 100 156 
258 256 82 210 
69 15 221 140 
223 269 95 88 
133 256 264 22 
135 289 104 117 
157 205 173 234 
87 2 256 183 
158 277 56 44 
251 182 215 194 
280 233 261 140 
103 50 173 155 
287 88 187 139 
154 125 18 82 
3 174 172 26 
295 207 98 29 
207 203 114 292 
260 206 241 66 
233 53 95 96 
135 236 214 240 
295 81 65 255 
244 110 236 143 
92 89 276 247 
132 160 77 67 
183 81 262 218 
71 199 206 50 
31 263 272 169 
223 19 217 207 
184 81 266 42 
258 40 299 242 
30 88 251 271 
248 92 1 9 
220 252 278 156 
269 238 189 23 
14 162 152 120 
99 277 68 241 
43 102 157 215 
53 243 17 282 
160 129 147 251 
189 12 184 100 
259 124 180 61 
246 130 250 85 
177 255 256 93 
150 66 195 38 
211 215 103 269 
253 118 3 65 
211 287 17 227 
145 298 7 80 
47 78 227 116 
109 110 122 74 
220 120 291 176 
104 142 24 133 
272 258 133 194 
245 285 132 233 
118 95 131 203 
254 114 146 160 
226 92 179 202 
267 253 201 29 
24 151 257 7 
242 16 160 253 
239 124 243 226 
76 24 182 176 
132 250 128 80 
84 29 286 236 
2 101 51 119 
180 71 164 6 
38 202 269 98 
71 191 179 91 
111 28 296 149 
227 227 138 205 
152 54 238 269 
47 162 229 115 
48 249 142 189 
24 59 245 71 
0 47 12 94 
216 7 144 160 
137 284 159 112 
66 180 67 113 
120 240 129 22 
290 66 96 291 
258 131 47 180 
212 265 182 273 
149 168 128 146 
215 273 177 150 
129 218 139 67 
234 202 70 205 
226 193 31 287 
267 198 47 58 
245 205 105 171 
178 48 63 15 
213 219 162 230 
187 177 194 278 
189 223 21 96 
119 143 45 161 
9 254 239 46 
202 130 146 108 
280 0 52 37 
68 187 207 251 
244 251 194 194 
121 118 244 180 
288 220 94 267 
142 175 140 157 
115 31 132 214 
62 15 149 276 
138 254 87 100 
175 288 14 34 
226 117 227 163 
99 179 174 121 
46 76 159 194 
246 263 66 39 
284 122 250 57 
198 22 275 19 
78 116 68 47 
153 41 238 139 
42 264 92 215 
221 208 186 210 
274 192 23 120 
123 130 17 64 
122 207 45 183 
251 111 162 242 
42 95 300 92 
263 213 72 218 
228 93 161 151 
232 79 276 136 
119 123 279 264 
125 253 77 161 
78 289 264 25 
213 67 45 282 
110 52 39 219 
10 38 151 125 
248 133 280 116 
230 252 144 175 
147 249 255 114 
168 38 236 26 
275 115 5 76 
85 192 187 236 
163 259 24 73 
63 248 201 9 
274 269 280 57 
3 247 160 4 
300 49 126 143 
221 287 110 22 
2 19 136 237 
120 146 187 240 
176 243 186 24 
138 148 102 91 
158 295 275 2 
241 213 258 291 
10 96 88 268 
75 184 143 192 
100 165 108 104 
172 288 18 122 
266 102 215 187 
72 199 221 259 
101 225 120 129 
36 121 189 234 
291 97 62 148 
62 130 297 122 
229 228 48 145 
117 243 40 18 
107 70 238 285 
42 81 40 14 
13 243 279 241 
10 223 221 173 
137 286 289 211 
166 121 264 28 
231 203 257 105 
220 41 74 300 
124 193 153 225 
68 175 299 227 
64 32 49 38 
15 194 269 296 
82 48 267 7 
46 31 247 206 
40 238 30 244 
153 71 216 205 
109 104 216 33 
31 177 228 238 
152 246 166 103 
222 121 235 92 
18 176 108 114 
194 48 105 255 
279 150 74 74 
81 295 233 282 
223 51 129 109 
60 93 100 113 
117 77 16 81 
249 169 97 198 
6 38 85 124 
250 252 23 176 
13 205 237 57 
195 159 132 33 
113 33 40 63 
261 71 20 32 
90 138 68 37 
192 70 25 8 
240 8 227 164 
84 289 136 27 
203 63 79 250 
118 176 187 92 
217 38 251 133 
242 168 235 6 
175 130 265 271 
66 105 217 221 
206 118 55 189 
244 132 133 185 
218 37 157 185 
36 84 110 24 
218 187 47 60 
153 48 98 120 
156 178 217 202 
146 13 72 87 
297 79 187 128 
13 300 240 37 
179 243 185 29 
12 169 29 186 
47 53 130 105 
240 222 144 208 
272 23 282 130 
